-99.9375 3.96e-44 3.96e-44
-99.875 4.2154e-44 4.2154e-44
-99.8125 4.48727e-44 4.48727e-44
-99.75 4.77667e-44 4.77667e-44
-99.6875 5.08474e-44 5.08474e-44
-99.625 5.41268e-44 5.41268e-44
-99.5625 5.76177e-44 5.76177e-44
-99.5 6.13337e-44 6.13337e-44
-99.4375 6.52894e-44 6.52894e-44
-99.375 6.95002e-44 6.95002e-44
-99.3125 7.39825e-44 7.39825e-44
-99.25 7.8754e-44 7.8754e-44
-99.1875 8.38332e-44 8.38332e-44
-99.125 8.924e-44 8.924e-44
-99.0625 9.49955e-44 9.49955e-44
-99 1.01122e-43 1.01122e-43
-98.9375 1.07644e-43 1.07644e-43
-98.875 1.14586e-43 1.14586e-43
-98.8125 1.21977e-43 1.21977e-43
-98.75 1.29843e-43 1.29843e-43
-98.6875 1.38218e-43 1.38218e-43
-98.625 1.47132e-43 1.47132e-43
-98.5625 1.56621e-43 1.56621e-43
-98.5 1.66722e-43 1.66722e-43
-98.4375 1.77475e-43 1.77475e-43
-98.375 1.88921e-43 1.88921e-43
-98.3125 2.01105e-43 2.01105e-43
-98.25 2.14076e-43 2.14076e-43
-98.1875 2.27882e-43 2.27882e-43
-98.125 2.42579e-43 2.42579e-43
-98.0625 2.58224e-43 2.58224e-43
-98 2.74879e-43 2.74879e-43
-97.9375 2.92607e-43 2.92607e-43
-97.875 3.11478e-43 3.11478e-43
-97.8125 3.31567e-43 3.31567e-43
-97.75 3.52951e-43 3.52951e-43
-97.6875 3.75714e-43 3.75714e-43
-97.625 3.99946e-43 3.99946e-43
-97.5625 4.2574e-43 4.2574e-43
-97.5 4.53198e-43 4.53198e-43
-97.4375 4.82427e-43 4.82427e-43
-97.375 5.13541e-43 5.13541e-43
-97.3125 5.46661e-43 5.46661e-43
-97.25 5.81918e-43 5.81918e-43
-97.1875 6.19448e-43 6.19448e-43
-97.125 6.59399e-43 6.59399e-43
-97.0625 7.01927e-43 7.01927e-43
-97 7.47197e-43 7.47197e-43
-96.9375 7.95387e-43 7.95387e-43
-96.875 8.46685e-43 8.46685e-43
-96.8125 9.01292e-43 9.01292e-43
-96.75 9.5942e-43 9.5942e-43
-96.6875 1.0213e-42 1.0213e-42
-96.625 1.08717e-42 1.08717e-42
-96.5625 1.15728e-42 1.15728e-42
-96.5 1.23192e-42 1.23192e-42
-96.4375 1.31137e-42 1.31137e-42
-96.375 1.39595e-42 1.39595e-42
-96.3125 1.48598e-42 1.48598e-42
-96.25 1.58182e-42 1.58182e-42
-96.1875 1.68383e-42 1.68383e-42
-96.125 1.79243e-42 1.79243e-42
-96.0625 1.90803e-42 1.90803e-42
-96 2.03109e-42 2.03109e-42
-95.9375 2.16209e-42 2.16209e-42
-95.875 2.30153e-42 2.30153e-42
-95.8125 2.44997e-42 2.44997e-42
-95.75 2.60797e-42 2.60797e-42
-95.6875 2.77617e-42 2.77617e-42
-95.625 2.95522e-42 2.95522e-42
-95.5625 3.14582e-42 3.14582e-42
-95.5 3.34871e-42 3.34871e-42
-95.4375 3.56468e-42 3.56468e-42
-95.375 3.79458e-42 3.79458e-42
-95.3125 4.03931e-42 4.03931e-42
-95.25 4.29982e-42 4.29982e-42
-95.1875 4.57714e-42 4.57714e-42
-95.125 4.87234e-42 4.87234e-42
-95.0625 5.18658e-42 5.18658e-42
-95 5.52108e-42 5.52108e-42
-94.9375 5.87716e-42 5.87716e-42
-94.875 6.25621e-42 6.25621e-42
-94.8125 6.6597e-42 6.6597e-42
-94.75 7.08921e-42 7.08921e-42
-94.6875 7.54642e-42 7.54642e-42
-94.625 8.03313e-42 8.03313e-42
-94.5625 8.55122e-42 8.55122e-42
-94.5 9.10273e-42 9.10273e-42
-94.4375 9.6898e-42 9.6898e-42
-94.375 1.03147e-41 1.03147e-41
-94.3125 1.098e-41 1.098e-41
-94.25 1.16881e-41 1.16881e-41
-94.1875 1.2442e-41 1.2442e-41
-94.125 1.32444e-41 1.32444e-41
-94.0625 1.40986e-41 1.40986e-41
-94 1.50079e-41 1.50079e-41
-93.9375 1.59758e-41 1.59758e-41
-93.875 1.70061e-41 1.70061e-41
-93.8125 1.81029e-41 1.81029e-41
-93.75 1.92705e-41 1.92705e-41
-93.6875 2.05133e-41 2.05133e-41
-93.625 2.18363e-41 2.18363e-41
-93.5625 2.32446e-41 2.32446e-41
-93.5 2.47438e-41 2.47438e-41
-93.4375 2.63396e-41 2.63396e-41
-93.375 2.80384e-41 2.80384e-41
-93.3125 2.98467e-41 2.98467e-41
-93.25 3.17716e-41 3.17716e-41
-93.1875 3.38207e-41 3.38207e-41
-93.125 3.6002e-41 3.6002e-41
-93.0625 3.83239e-41 3.83239e-41
-93 4.07956e-41 4.07956e-41
-92.9375 4.34267e-41 4.34267e-41
-92.875 4.62275e-41 4.62275e-41
-92.8125 4.92089e-41 4.92089e-41
-92.75 5.23826e-41 5.23826e-41
-92.6875 5.5761e-41 5.5761e-41
-92.625 5.93572e-41 5.93572e-41
-92.5625 6.31854e-41 6.31854e-41
-92.5 6.72606e-41 6.72606e-41
-92.4375 7.15985e-41 7.15985e-41
-92.375 7.62162e-41 7.62162e-41
-92.3125 8.11317e-41 8.11317e-41
-92.25 8.63643e-41 8.63643e-41
-92.1875 9.19343e-41 9.19343e-41
-92.125 9.78635e-41 9.78635e-41
-92.0625 1.04175e-40 1.04175e-40
-92 1.10894e-40 1.10894e-40
-91.9375 1.18046e-40 1.18046e-40
-91.875 1.25659e-40 1.25659e-40
-91.8125 1.33764e-40 1.33764e-40
-91.75 1.42391e-40 1.42391e-40
-91.6875 1.51574e-40 1.51574e-40
-91.625 1.6135e-40 1.6135e-40
-91.5625 1.71756e-40 1.71756e-40
-91.5 1.82833e-40 1.82833e-40
-91.4375 1.94625e-40 1.94625e-40
-91.375 2.07177e-40 2.07177e-40
-91.3125 2.20539e-40 2.20539e-40
-91.25 2.34762e-40 2.34762e-40
-91.1875 2.49903e-40 2.49903e-40
-91.125 2.66021e-40 2.66021e-40
-91.0625 2.83177e-40 2.83177e-40
-91 3.01441e-40 3.01441e-40
-90.9375 3.20882e-40 3.20882e-40
-90.875 3.41577e-40 3.41577e-40
-90.8125 3.63607e-40 3.63607e-40
-90.75 3.87058e-40 3.87058e-40
-90.6875 4.12021e-40 4.12021e-40
-90.625 4.38594e-40 4.38594e-40
-90.5625 4.66881e-40 4.66881e-40
-90.5 4.96992e-40 4.96992e-40
-90.4375 5.29045e-40 5.29045e-40
-90.375 5.63166e-40 5.63166e-40
-90.3125 5.99487e-40 5.99487e-40
-90.25 6.3815e-40 6.3815e-40
-90.1875 6.79308e-40 6.79308e-40
-90.125 7.23119e-40 7.23119e-40
-90.0625 7.69756e-40 7.69756e-40
-90 8.19401e-40 8.19401e-40
-89.9375 8.72248e-40 8.72248e-40
-89.875 9.28503e-40 9.28503e-40
-89.8125 9.88387e-40 9.88387e-40
-89.75 1.05213e-39 1.05213e-39
-89.6875 1.11999e-39 1.11999e-39
-89.625 1.19222e-39 1.19222e-39
-89.5625 1.26911e-39 1.26911e-39
-89.5 1.35096e-39 1.35096e-39
-89.4375 1.43809e-39 1.43809e-39
-89.375 1.53084e-39 1.53084e-39
-89.3125 1.62957e-39 1.62957e-39
-89.25 1.73467e-39 1.73467e-39
-89.1875 1.84655e-39 1.84655e-39
-89.125 1.96564e-39 1.96564e-39
-89.0625 2.09241e-39 2.09241e-39
-89 2.22736e-39 2.22736e-39
-88.9375 2.37102e-39 2.37102e-39
-88.875 2.52393e-39 2.52393e-39
-88.8125 2.68671e-39 2.68671e-39
-88.75 2.85999e-39 2.85999e-39
-88.6875 3.04445e-39 3.04445e-39
-88.625 3.24079e-39 3.24079e-39
-88.5625 3.44981e-39 3.44981e-39
-88.5 3.6723e-39 3.6723e-39
-88.4375 3.90914e-39 3.90914e-39
-88.375 4.16126e-39 4.16126e-39
-88.3125 4.42964e-39 4.42964e-39
-88.25 4.71533e-39 4.71533e-39
-88.1875 5.01944e-39 5.01944e-39
-88.125 5.34317e-39 5.34317e-39
-88.0625 5.68777e-39 5.68777e-39
-88 6.0546e-39 6.0546e-39
-87.9375 6.44509e-39 6.44509e-39
-87.875 6.86076e-39 6.86076e-39
-87.8125 7.30324e-39 7.30324e-39
-87.75 7.77426e-39 7.77426e-39
-87.6875 8.27566e-39 8.27566e-39
-87.625 8.80939e-39 8.80939e-39
-87.5625 9.37755e-39 9.37755e-39
-87.5 9.98235e-39 9.98235e-39
-87.4375 1.06262e-38 1.06262e-38
-87.375 1.13115e-38 1.13115e-38
-87.3125 1.2041e-38 1.2041e-38
-87.25 1.28176e-38 1.28176e-38
-87.1875 1.36443e-38 1.36443e-38
-87.125 1.45242e-38 1.45242e-38
-87.0625 1.5461e-38 1.5461e-38
-87 1.64581e-38 1.64581e-38
-86.9375 1.75196e-38 1.75196e-38
-86.875 1.86495e-38 1.86495e-38
-86.8125 1.98523e-38 1.98523e-38
-86.75 2.11326e-38 2.11326e-38
-86.6875 2.24956e-38 2.24956e-38
-86.625 2.39464e-38 2.39464e-38
-86.5625 2.54908e-38 2.54908e-38
-86.5 2.71348e-38 2.71348e-38
-86.4375 2.88849e-38 2.88849e-38
-86.375 3.07478e-38 3.07478e-38
-86.3125 3.27309e-38 3.27309e-38
-86.25 3.48418e-38 3.48418e-38
-86.1875 3.70889e-38 3.70889e-38
-86.125 3.9481e-38 3.9481e-38
-86.0625 4.20273e-38 4.20273e-38
-86 4.47378e-38 4.47378e-38
-85.9375 4.76231e-38 4.76231e-38
-85.875 5.06946e-38 5.06946e-38
-85.8125 5.39641e-38 5.39641e-38
-85.75 5.74445e-38 5.74445e-38
-85.6875 6.11493e-38 6.11493e-38
-85.625 6.50931e-38 6.50931e-38
-85.5625 6.92912e-38 6.92912e-38
-85.5 7.37602e-38 7.37602e-38
-85.4375 7.85173e-38 7.85173e-38
-85.375 8.35812e-38 8.35812e-38
-85.3125 8.89717e-38 8.89717e-38
-85.25 9.47099e-38 9.47099e-38
-85.1875 1.00818e-37 1.00818e-37
-85.125 1.0732e-37 1.0732e-37
-85.0625 1.14242e-37 1.14242e-37
-85 1.2161e-37 1.2161e-37
-84.9375 1.29453e-37 1.29453e-37
-84.875 1.37802e-37 1.37802e-37
-84.8125 1.4669e-37 1.4669e-37
-84.75 1.5615e-37 1.5615e-37
-84.6875 1.66221e-37 1.66221e-37
-84.625 1.76941e-37 1.76941e-37
-84.5625 1.88353e-37 1.88353e-37
-84.5 2.00501e-37 2.00501e-37
-84.4375 2.13432e-37 2.13432e-37
-84.375 2.27197e-37 2.27197e-37
-84.3125 2.4185e-37 2.4185e-37
-84.25 2.57448e-37 2.57448e-37
-84.1875 2.74052e-37 2.74052e-37
-84.125 2.91727e-37 2.91727e-37
-84.0625 3.10542e-37 3.10542e-37
-84 3.3057e-37 3.3057e-37
-83.9375 3.5189e-37 3.5189e-37
-83.875 3.74585e-37 3.74585e-37
-83.8125 3.98744e-37 3.98744e-37
-83.75 4.2446e-37 4.2446e-37
-83.6875 4.51836e-37 4.51836e-37
-83.625 4.80977e-37 4.80977e-37
-83.5625 5.11997e-37 5.11997e-37
-83.5 5.45018e-37 5.45018e-37
-83.4375 5.80169e-37 5.80169e-37
-83.375 6.17586e-37 6.17586e-37
-83.3125 6.57417e-37 6.57417e-37
-83.25 6.99817e-37 6.99817e-37
-83.1875 7.44951e-37 7.44951e-37
-83.125 7.92996e-37 7.92996e-37
-83.0625 8.4414e-37 8.4414e-37
-83 8.98583e-37 8.98583e-37
-82.9375 9.56536e-37 9.56536e-37
-82.875 1.01823e-36 1.01823e-36
-82.8125 1.0839e-36 1.0839e-36
-82.75 1.1538e-36 1.1538e-36
-82.6875 1.22822e-36 1.22822e-36
-82.625 1.30743e-36 1.30743e-36
-82.5625 1.39175e-36 1.39175e-36
-82.5 1.48151e-36 1.48151e-36
-82.4375 1.57706e-36 1.57706e-36
-82.375 1.67877e-36 1.67877e-36
-82.3125 1.78704e-36 1.78704e-36
-82.25 1.9023e-36 1.9023e-36
-82.1875 2.02499e-36 2.02499e-36
-82.125 2.15559e-36 2.15559e-36
-82.0625 2.29461e-36 2.29461e-36
-82 2.4426e-36 2.4426e-36
-81.9375 2.60013e-36 2.60013e-36
-81.875 2.76783e-36 2.76783e-36
-81.8125 2.94634e-36 2.94634e-36
-81.75 3.13636e-36 3.13636e-36
-81.6875 3.33864e-36 3.33864e-36
-81.625 3.55396e-36 3.55396e-36
-81.5625 3.78317e-36 3.78317e-36
-81.5 4.02717e-36 4.02717e-36
-81.4375 4.2869e-36 4.2869e-36
-81.375 4.56338e-36 4.56338e-36
-81.3125 4.85769e-36 4.85769e-36
-81.25 5.17099e-36 5.17099e-36
-81.1875 5.50449e-36 5.50449e-36
-81.125 5.85949e-36 5.85949e-36
-81.0625 6.2374e-36 6.2374e-36
-81 6.63968e-36 6.63968e-36
-80.9375 7.0679e-36 7.0679e-36
-80.875 7.52374e-36 7.52374e-36
-80.8125 8.00898e-36 8.00898e-36
-80.75 8.52551e-36 8.52551e-36
-80.6875 9.07536e-36 9.07536e-36
-80.625 9.66067e-36 9.66067e-36
-80.5625 1.02837e-35 1.02837e-35
-80.5 1.0947e-35 1.0947e-35
-80.4375 1.1653e-35 1.1653e-35
-80.375 1.24046e-35 1.24046e-35
-80.3125 1.32046e-35 1.32046e-35
-80.25 1.40562e-35 1.40562e-35
-80.1875 1.49627e-35 1.49627e-35
-80.125 1.59278e-35 1.59278e-35
-80.0625 1.6955e-35 1.6955e-35
-80 1.80485e-35 1.80485e-35
-79.9375 1.92125e-35 1.92125e-35
-79.875 2.04516e-35 2.04516e-35
-79.8125 2.17707e-35 2.17707e-35
-79.75 2.31748e-35 2.31748e-35
-79.6875 2.46694e-35 2.46694e-35
-79.625 2.62604e-35 2.62604e-35
-79.5625 2.79541e-35 2.79541e-35
-79.5 2.9757e-35 2.9757e-35
-79.4375 3.16761e-35 3.16761e-35
-79.375 3.37191e-35 3.37191e-35
-79.3125 3.58938e-35 3.58938e-35
-79.25 3.82087e-35 3.82087e-35
-79.1875 4.0673e-35 4.0673e-35
-79.125 4.32961e-35 4.32961e-35
-79.0625 4.60885e-35 4.60885e-35
-79 4.90609e-35 4.90609e-35
-78.9375 5.22251e-35 5.22251e-35
-78.875 5.55933e-35 5.55933e-35
-78.8125 5.91788e-35 5.91788e-35
-78.75 6.29955e-35 6.29955e-35
-78.6875 6.70584e-35 6.70584e-35
-78.625 7.13833e-35 7.13833e-35
-78.5625 7.59871e-35 7.59871e-35
-78.5 8.08878e-35 8.08878e-35
-78.4375 8.61046e-35 8.61046e-35
-78.375 9.16579e-35 9.16579e-35
-78.3125 9.75693e-35 9.75693e-35
-78.25 1.03862e-34 1.03862e-34
-78.1875 1.10561e-34 1.10561e-34
-78.125 1.17691e-34 1.17691e-34
-78.0625 1.25282e-34 1.25282e-34
-78 1.33361e-34 1.33361e-34
-77.9375 1.41963e-34 1.41963e-34
-77.875 1.51118e-34 1.51118e-34
-77.8125 1.60865e-34 1.60865e-34
-77.75 1.7124e-34 1.7124e-34
-77.6875 1.82284e-34 1.82284e-34
-77.625 1.9404e-34 1.9404e-34
-77.5625 2.06554e-34 2.06554e-34
-77.5 2.19876e-34 2.19876e-34
-77.4375 2.34057e-34 2.34057e-34
-77.375 2.49152e-34 2.49152e-34
-77.3125 2.65221e-34 2.65221e-34
-77.25 2.82326e-34 2.82326e-34
-77.1875 3.00535e-34 3.00535e-34
-77.125 3.19918e-34 3.19918e-34
-77.0625 3.4055e-34 3.4055e-34
-77 3.62514e-34 3.62514e-34
-76.9375 3.85894e-34 3.85894e-34
-76.875 4.10782e-34 4.10782e-34
-76.8125 4.37275e-34 4.37275e-34
-76.75 4.65477e-34 4.65477e-34
-76.6875 4.95498e-34 4.95498e-34
-76.625 5.27455e-34 5.27455e-34
-76.5625 5.61473e-34 5.61473e-34
-76.5 5.97685e-34 5.97685e-34
-76.4375 6.36232e-34 6.36232e-34
-76.375 6.77265e-34 6.77265e-34
-76.3125 7.20945e-34 7.20945e-34
-76.25 7.67442e-34 7.67442e-34
-76.1875 8.16938e-34 8.16938e-34
-76.125 8.69626e-34 8.69626e-34
-76.0625 9.25712e-34 9.25712e-34
-76 9.85415e-34 9.85415e-34
-75.9375 1.04897e-33 1.04897e-33
-75.875 1.11662e-33 1.11662e-33
-75.8125 1.18864e-33 1.18864e-33
-75.75 1.2653e-33 1.2653e-33
-75.6875 1.3469e-33 1.3469e-33
-75.625 1.43377e-33 1.43377e-33
-75.5625 1.52624e-33 1.52624e-33
-75.5 1.62468e-33 1.62468e-33
-75.4375 1.72946e-33 1.72946e-33
-75.375 1.841e-33 1.841e-33
-75.3125 1.95973e-33 1.95973e-33
-75.25 2.08612e-33 2.08612e-33
-75.1875 2.22067e-33 2.22067e-33
-75.125 2.36389e-33 2.36389e-33
-75.0625 2.51635e-33 2.51635e-33
-75 2.67864e-33 2.67864e-33
-74.9375 2.85139e-33 2.85139e-33
-74.875 3.03529e-33 3.03529e-33
-74.8125 3.23105e-33 3.23105e-33
-74.75 3.43944e-33 3.43944e-33
-74.6875 3.66126e-33 3.66126e-33
-74.625 3.89739e-33 3.89739e-33
-74.5625 4.14875e-33 4.14875e-33
-74.5 4.41633e-33 4.41633e-33
-74.4375 4.70115e-33 4.70115e-33
-74.375 5.00435e-33 5.00435e-33
-74.3125 5.32711e-33 5.32711e-33
-74.25 5.67067e-33 5.67067e-33
-74.1875 6.0364e-33 6.0364e-33
-74.125 6.42572e-33 6.42572e-33
-74.0625 6.84014e-33 6.84014e-33
-74 7.28129e-33 7.28129e-33
-73.9375 7.75089e-33 7.75089e-33
-73.875 8.25078e-33 8.25078e-33
-73.8125 8.78291e-33 8.78291e-33
-73.75 9.34936e-33 9.34936e-33
-73.6875 9.95234e-33 9.95234e-33
-73.625 1.05942e-32 1.05942e-32
-73.5625 1.12775e-32 1.12775e-32
-73.5 1.20048e-32 1.20048e-32
-73.4375 1.27791e-32 1.27791e-32
-73.375 1.36032e-32 1.36032e-32
-73.3125 1.44806e-32 1.44806e-32
-73.25 1.54145e-32 1.54145e-32
-73.1875 1.64086e-32 1.64086e-32
-73.125 1.74669e-32 1.74669e-32
-73.0625 1.85934e-32 1.85934e-32
-73 1.97926e-32 1.97926e-32
-72.9375 2.10691e-32 2.10691e-32
-72.875 2.2428e-32 2.2428e-32
-72.8125 2.38744e-32 2.38744e-32
-72.75 2.54142e-32 2.54142e-32
-72.6875 2.70533e-32 2.70533e-32
-72.625 2.87981e-32 2.87981e-32
-72.5625 3.06554e-32 3.06554e-32
-72.5 3.26325e-32 3.26325e-32
-72.4375 3.47371e-32 3.47371e-32
-72.375 3.69774e-32 3.69774e-32
-72.3125 3.93623e-32 3.93623e-32
-72.25 4.19009e-32 4.19009e-32
-72.1875 4.46033e-32 4.46033e-32
-72.125 4.748e-32 4.748e-32
-72.0625 5.05422e-32 5.05422e-32
-72 5.38019e-32 5.38019e-32
-71.9375 5.72718e-32 5.72718e-32
-71.875 6.09655e-32 6.09655e-32
-71.8125 6.48974e-32 6.48974e-32
-71.75 6.9083e-32 6.9083e-32
-71.6875 7.35384e-32 7.35384e-32
-71.625 7.82812e-32 7.82812e-32
-71.5625 8.333e-32 8.333e-32
-71.5 8.87043e-32 8.87043e-32
-71.4375 9.44252e-32 9.44252e-32
-71.375 1.00515e-31 1.00515e-31
-71.3125 1.06998e-31 1.06998e-31
-71.25 1.13899e-31 1.13899e-31
-71.1875 1.21244e-31 1.21244e-31
-71.125 1.29064e-31 1.29064e-31
-71.0625 1.37388e-31 1.37388e-31
-71 1.46249e-31 1.46249e-31
-70.9375 1.55681e-31 1.55681e-31
-70.875 1.65721e-31 1.65721e-31
-70.8125 1.7641e-31 1.7641e-31
-70.75 1.87787e-31 1.87787e-31
-70.6875 1.99898e-31 1.99898e-31
-70.625 2.1279e-31 2.1279e-31
-70.5625 2.26514e-31 2.26514e-31
-70.5 2.41123e-31 2.41123e-31
-70.4375 2.56674e-31 2.56674e-31
-70.375 2.73228e-31 2.73228e-31
-70.3125 2.9085e-31 2.9085e-31
-70.25 3.09608e-31 3.09608e-31
-70.1875 3.29576e-31 3.29576e-31
-70.125 3.50832e-31 3.50832e-31
-70.0625 3.73459e-31 3.73459e-31
-70 3.97545e-31 3.97545e-31
-69.9375 4.23184e-31 4.23184e-31
-69.875 4.50477e-31 4.50477e-31
-69.8125 4.79531e-31 4.79531e-31
-69.75 5.10458e-31 5.10458e-31
-69.6875 5.4338e-31 5.4338e-31
-69.625 5.78425e-31 5.78425e-31
-69.5625 6.1573e-31 6.1573e-31
-69.5 6.55441e-31 6.55441e-31
-69.4375 6.97713e-31 6.97713e-31
-69.375 7.42712e-31 7.42712e-31
-69.3125 7.90613e-31 7.90613e-31
-69.25 8.41603e-31 8.41603e-31
-69.1875 8.95881e-31 8.95881e-31
-69.125 9.53661e-31 9.53661e-31
-69.0625 1.01517e-30 1.01517e-30
-69 1.08064e-30 1.08064e-30
-68.9375 1.15033e-30 1.15033e-30
-68.875 1.22452e-30 1.22452e-30
-68.8125 1.3035e-30 1.3035e-30
-68.75 1.38757e-30 1.38757e-30
-68.6875 1.47706e-30 1.47706e-30
-68.625 1.57232e-30 1.57232e-30
-68.5625 1.67373e-30 1.67373e-30
-68.5 1.78167e-30 1.78167e-30
-68.4375 1.89658e-30 1.89658e-30
-68.375 2.0189e-30 2.0189e-30
-68.3125 2.14911e-30 2.14911e-30
-68.25 2.28771e-30 2.28771e-30
-68.1875 2.43526e-30 2.43526e-30
-68.125 2.59232e-30 2.59232e-30
-68.0625 2.75951e-30 2.75951e-30
-68 2.93748e-30 2.93748e-30
-67.9375 3.12693e-30 3.12693e-30
-67.875 3.3286e-30 3.3286e-30
-67.8125 3.54328e-30 3.54328e-30
-67.75 3.7718e-30 3.7718e-30
-67.6875 4.01506e-30 4.01506e-30
-67.625 4.27401e-30 4.27401e-30
-67.5625 4.54966e-30 4.54966e-30
-67.5 4.84309e-30 4.84309e-30
-67.4375 5.15544e-30 5.15544e-30
-67.375 5.48794e-30 5.48794e-30
-67.3125 5.84188e-30 5.84188e-30
-67.25 6.21865e-30 6.21865e-30
-67.1875 6.61972e-30 6.61972e-30
-67.125 7.04665e-30 7.04665e-30
-67.0625 7.50112e-30 7.50112e-30
-67 7.9849e-30 7.9849e-30
-66.9375 8.49989e-30 8.49989e-30
-66.875 9.04808e-30 9.04808e-30
-66.8125 9.63163e-30 9.63163e-30
-66.75 1.02528e-29 1.02528e-29
-66.6875 1.09141e-29 1.09141e-29
-66.625 1.1618e-29 1.1618e-29
-66.5625 1.23673e-29 1.23673e-29
-66.5 1.31649e-29 1.31649e-29
-66.4375 1.40139e-29 1.40139e-29
-66.375 1.49178e-29 1.49178e-29
-66.3125 1.58799e-29 1.58799e-29
-66.25 1.6904e-29 1.6904e-29
-66.1875 1.79943e-29 1.79943e-29
-66.125 1.91548e-29 1.91548e-29
-66.0625 2.03902e-29 2.03902e-29
-66 2.17052e-29 2.17052e-29
-65.9375 2.31051e-29 2.31051e-29
-65.875 2.45952e-29 2.45952e-29
-65.8125 2.61815e-29 2.61815e-29
-65.75 2.78701e-29 2.78701e-29
-65.6875 2.96675e-29 2.96675e-29
-65.625 3.15809e-29 3.15809e-29
-65.5625 3.36177e-29 3.36177e-29
-65.5 3.57859e-29 3.57859e-29
-65.4375 3.80938e-29 3.80938e-29
-65.375 4.05507e-29 4.05507e-29
-65.3125 4.3166e-29 4.3166e-29
-65.25 4.595e-29 4.595e-29
-65.1875 4.89135e-29 4.89135e-29
-65.125 5.20681e-29 5.20681e-29
-65.0625 5.54262e-29 5.54262e-29
-65 5.90009e-29 5.90009e-29
-64.9375 6.28061e-29 6.28061e-29
-64.875 6.68568e-29 6.68568e-29
-64.8125 7.11687e-29 7.11687e-29
-64.75 7.57587e-29 7.57587e-29
-64.6875 8.06447e-29 8.06447e-29
-64.625 8.58458e-29 8.58458e-29
-64.5625 9.13824e-29 9.13824e-29
-64.5 9.7276e-29 9.7276e-29
-64.4375 1.0355e-28 1.0355e-28
-64.375 1.10228e-28 1.10228e-28
-64.3125 1.17337e-28 1.17337e-28
-64.25 1.24905e-28 1.24905e-28
-64.1875 1.32961e-28 1.32961e-28
-64.125 1.41536e-28 1.41536e-28
-64.0625 1.50664e-28 1.50664e-28
-64 1.60381e-28 1.60381e-28
-63.9375 1.70725e-28 1.70725e-28
-63.875 1.81736e-28 1.81736e-28
-63.8125 1.93457e-28 1.93457e-28
-63.75 2.05933e-28 2.05933e-28
-63.6875 2.19215e-28 2.19215e-28
-63.625 2.33353e-28 2.33353e-28
-63.5625 2.48403e-28 2.48403e-28
-63.5 2.64424e-28 2.64424e-28
-63.4375 2.81478e-28 2.81478e-28
-63.375 2.99631e-28 2.99631e-28
-63.3125 3.18956e-28 3.18956e-28
-63.25 3.39527e-28 3.39527e-28
-63.1875 3.61424e-28 3.61424e-28
-63.125 3.84734e-28 3.84734e-28
-63.0625 4.09547e-28 4.09547e-28
-63 4.35961e-28 4.35961e-28
-62.9375 4.64078e-28 4.64078e-28
-62.875 4.94009e-28 4.94009e-28
-62.8125 5.25869e-28 5.25869e-28
-62.75 5.59785e-28 5.59785e-28
-62.6875 5.95888e-28 5.95888e-28
-62.625 6.3432e-28 6.3432e-28
-62.5625 6.7523e-28 6.7523e-28
-62.5 7.18778e-28 7.18778e-28
-62.4375 7.65135e-28 7.65135e-28
-62.375 8.14482e-28 8.14482e-28
-62.3125 8.67012e-28 8.67012e-28
-62.25 9.22929e-28 9.22929e-28
-62.1875 9.82453e-28 9.82453e-28
-62.125 1.04582e-27 1.04582e-27
-62.0625 1.11327e-27 1.11327e-27
-62 1.18506e-27 1.18506e-27
-61.9375 1.26149e-27 1.26149e-27
-61.875 1.34285e-27 1.34285e-27
-61.8125 1.42946e-27 1.42946e-27
-61.75 1.52165e-27 1.52165e-27
-61.6875 1.61979e-27 1.61979e-27
-61.625 1.72426e-27 1.72426e-27
-61.5625 1.83546e-27 1.83546e-27
-61.5 1.95384e-27 1.95384e-27
-61.4375 2.07985e-27 2.07985e-27
-61.375 2.21399e-27 2.21399e-27
-61.3125 2.35678e-27 2.35678e-27
-61.25 2.50878e-27 2.50878e-27
-61.1875 2.67058e-27 2.67058e-27
-61.125 2.84282e-27 2.84282e-27
-61.0625 3.02617e-27 3.02617e-27
-61 3.22134e-27 3.22134e-27
-60.9375 3.4291e-27 3.4291e-27
-60.875 3.65026e-27 3.65026e-27
-60.8125 3.88568e-27 3.88568e-27
-60.75 4.13628e-27 4.13628e-27
-60.6875 4.40305e-27 4.40305e-27
-60.625 4.68702e-27 4.68702e-27
-60.5625 4.98931e-27 4.98931e-27
-60.5 5.31109e-27 5.31109e-27
-60.4375 5.65363e-27 5.65363e-27
-60.375 6.01826e-27 6.01826e-27
-60.3125 6.4064e-27 6.4064e-27
-60.25 6.81958e-27 6.81958e-27
-60.1875 7.2594e-27 7.2594e-27
-60.125 7.72759e-27 7.72759e-27
-60.0625 8.22598e-27 8.22598e-27
-60 8.75651e-27 8.75651e-27
-59.9375 9.32126e-27 9.32126e-27
-59.875 9.92243e-27 9.92243e-27
-59.8125 1.05624e-26 1.05624e-26
-59.75 1.12436e-26 1.12436e-26
-59.6875 1.19687e-26 1.19687e-26
-59.625 1.27406e-26 1.27406e-26
-59.5625 1.35623e-26 1.35623e-26
-59.5 1.4437e-26 1.4437e-26
-59.4375 1.53682e-26 1.53682e-26
-59.375 1.63593e-26 1.63593e-26
-59.3125 1.74144e-26 1.74144e-26
-59.25 1.85375e-26 1.85375e-26
-59.1875 1.97331e-26 1.97331e-26
-59.125 2.10058e-26 2.10058e-26
-59.0625 2.23605e-26 2.23605e-26
-59 2.38027e-26 2.38027e-26
-58.9375 2.53378e-26 2.53378e-26
-58.875 2.6972e-26 2.6972e-26
-58.8125 2.87115e-26 2.87115e-26
-58.75 3.05632e-26 3.05632e-26
-58.6875 3.25344e-26 3.25344e-26
-58.625 3.46327e-26 3.46327e-26
-58.5625 3.68663e-26 3.68663e-26
-58.5 3.9244e-26 3.9244e-26
-58.4375 4.1775e-26 4.1775e-26
-58.375 4.44692e-26 4.44692e-26
-58.3125 4.73372e-26 4.73372e-26
-58.25 5.03902e-26 5.03902e-26
-58.1875 5.36401e-26 5.36401e-26
-58.125 5.70996e-26 5.70996e-26
-58.0625 6.07822e-26 6.07822e-26
-58 6.47023e-26 6.47023e-26
-57.9375 6.88753e-26 6.88753e-26
-57.875 7.33174e-26 7.33174e-26
-57.8125 7.80459e-26 7.80459e-26
-57.75 8.30795e-26 8.30795e-26
-57.6875 8.84376e-26 8.84376e-26
-57.625 9.41414e-26 9.41414e-26
-57.5625 1.00213e-25 1.00213e-25
-57.5 1.06676e-25 1.06676e-25
-57.4375 1.13556e-25 1.13556e-25
-57.375 1.2088e-25 1.2088e-25
-57.3125 1.28676e-25 1.28676e-25
-57.25 1.36975e-25 1.36975e-25
-57.1875 1.45809e-25 1.45809e-25
-57.125 1.55213e-25 1.55213e-25
-57.0625 1.65223e-25 1.65223e-25
-57 1.75879e-25 1.75879e-25
-56.9375 1.87222e-25 1.87222e-25
-56.875 1.99297e-25 1.99297e-25
-56.8125 2.12151e-25 2.12151e-25
-56.75 2.25833e-25 2.25833e-25
-56.6875 2.40398e-25 2.40398e-25
-56.625 2.55903e-25 2.55903e-25
-56.5625 2.72407e-25 2.72407e-25
-56.5 2.89976e-25 2.89976e-25
-56.4375 3.08678e-25 3.08678e-25
-56.375 3.28586e-25 3.28586e-25
-56.3125 3.49778e-25 3.49778e-25
-56.25 3.72336e-25 3.72336e-25
-56.1875 3.9635e-25 3.9635e-25
-56.125 4.21912e-25 4.21912e-25
-56.0625 4.49123e-25 4.49123e-25
-56 4.78089e-25 4.78089e-25
-55.9375 5.08923e-25 5.08923e-25
-55.875 5.41746e-25 5.41746e-25
-55.8125 5.76686e-25 5.76686e-25
-55.75 6.13879e-25 6.13879e-25
-55.6875 6.53471e-25 6.53471e-25
-55.625 6.95616e-25 6.95616e-25
-55.5625 7.40479e-25 7.40479e-25
-55.5 7.88236e-25 7.88236e-25
-55.4375 8.39073e-25 8.39073e-25
-55.375 8.93188e-25 8.93188e-25
-55.3125 9.50794e-25 9.50794e-25
-55.25 1.01212e-24 1.01212e-24
-55.1875 1.07739e-24 1.07739e-24
-55.125 1.14688e-24 1.14688e-24
-55.0625 1.22084e-24 1.22084e-24
-55 1.29958e-24 1.29958e-24
-54.9375 1.3834e-24 1.3834e-24
-54.875 1.47262e-24 1.47262e-24
-54.8125 1.56759e-24 1.56759e-24
-54.75 1.6687e-24 1.6687e-24
-54.6875 1.77632e-24 1.77632e-24
-54.625 1.89088e-24 1.89088e-24
-54.5625 2.01283e-24 2.01283e-24
-54.5 2.14265e-24 2.14265e-24
-54.4375 2.28084e-24 2.28084e-24
-54.375 2.42794e-24 2.42794e-24
-54.3125 2.58453e-24 2.58453e-24
-54.25 2.75121e-24 2.75121e-24
-54.1875 2.92865e-24 2.92865e-24
-54.125 3.11753e-24 3.11753e-24
-54.0625 3.3186e-24 3.3186e-24
-54 3.53263e-24 3.53263e-24
-53.9375 3.76046e-24 3.76046e-24
-53.875 4.00299e-24 4.00299e-24
-53.8125 4.26116e-24 4.26116e-24
-53.75 4.53598e-24 4.53598e-24
-53.6875 4.82853e-24 4.82853e-24
-53.625 5.13994e-24 5.13994e-24
-53.5625 5.47144e-24 5.47144e-24
-53.5 5.82432e-24 5.82432e-24
-53.4375 6.19996e-24 6.19996e-24
-53.375 6.59982e-24 6.59982e-24
-53.3125 7.02547e-24 7.02547e-24
-53.25 7.47857e-24 7.47857e-24
-53.1875 7.9609e-24 7.9609e-24
-53.125 8.47434e-24 8.47434e-24
-53.0625 9.02088e-24 9.02088e-24
-53 9.60268e-24 9.60268e-24
-52.9375 1.0222e-23 1.0222e-23
-52.875 1.08813e-23 1.08813e-23
-52.8125 1.1583e-23 1.1583e-23
-52.75 1.23301e-23 1.23301e-23
-52.6875 1.31253e-23 1.31253e-23
-52.625 1.39718e-23 1.39718e-23
-52.5625 1.48729e-23 1.48729e-23
-52.5 1.58321e-23 1.58321e-23
-52.4375 1.68532e-23 1.68532e-23
-52.375 1.79402e-23 1.79402e-23
-52.3125 1.90972e-23 1.90972e-23
-52.25 2.03289e-23 2.03289e-23
-52.1875 2.164e-23 2.164e-23
-52.125 2.30356e-23 2.30356e-23
-52.0625 2.45213e-23 2.45213e-23
-52 2.61028e-23 2.61028e-23
-51.9375 2.77863e-23 2.77863e-23
-51.875 2.95783e-23 2.95783e-23
-51.8125 3.1486e-23 3.1486e-23
-51.75 3.35166e-23 3.35166e-23
-51.6875 3.56783e-23 3.56783e-23
-51.625 3.79793e-23 3.79793e-23
-51.5625 4.04288e-23 4.04288e-23
-51.5 4.30362e-23 4.30362e-23
-51.4375 4.58118e-23 4.58118e-23
-51.375 4.87664e-23 4.87664e-23
-51.3125 5.19116e-23 5.19116e-23
-51.25 5.52596e-23 5.52596e-23
-51.1875 5.88235e-23 5.88235e-23
-51.125 6.26173e-23 6.26173e-23
-51.0625 6.66558e-23 6.66558e-23
-51 7.09547e-23 7.09547e-23
-50.9375 7.55309e-23 7.55309e-23
-50.875 8.04023e-23 8.04023e-23
-50.8125 8.55878e-23 8.55878e-23
-50.75 9.11077e-23 9.11077e-23
-50.6875 9.69836e-23 9.69836e-23
-50.625 1.03239e-22 1.03239e-22
-50.5625 1.09897e-22 1.09897e-22
-50.5 1.16985e-22 1.16985e-22
-50.4375 1.24529e-22 1.24529e-22
-50.375 1.32561e-22 1.32561e-22
-50.3125 1.4111e-22 1.4111e-22
-50.25 1.50211e-22 1.50211e-22
-50.1875 1.59899e-22 1.59899e-22
-50.125 1.70212e-22 1.70212e-22
-50.0625 1.81189e-22 1.81189e-22
-50 1.92875e-22 1.92875e-22
-49.9375 2.05314e-22 2.05314e-22
-49.875 2.18556e-22 2.18556e-22
-49.8125 2.32652e-22 2.32652e-22
-49.75 2.47656e-22 2.47656e-22
-49.6875 2.63629e-22 2.63629e-22
-49.625 2.80631e-22 2.80631e-22
-49.5625 2.98731e-22 2.98731e-22
-49.5 3.17997e-22 3.17997e-22
-49.4375 3.38506e-22 3.38506e-22
-49.375 3.60338e-22 3.60338e-22
-49.3125 3.83578e-22 3.83578e-22
-49.25 4.08316e-22 4.08316e-22
-49.1875 4.3465e-22 4.3465e-22
-49.125 4.62683e-22 4.62683e-22
-49.0625 4.92524e-22 4.92524e-22
-49 5.24289e-22 5.24289e-22
-48.9375 5.58102e-22 5.58102e-22
-48.875 5.94097e-22 5.94097e-22
-48.8125 6.32413e-22 6.32413e-22
-48.75 6.732e-22 6.732e-22
-48.6875 7.16618e-22 7.16618e-22
-48.625 7.62835e-22 7.62835e-22
-48.5625 8.12034e-22 8.12034e-22
-48.5 8.64406e-22 8.64406e-22
-48.4375 9.20155e-22 9.20155e-22
-48.375 9.795e-22 9.795e-22
-48.3125 1.04267e-21 1.04267e-21
-48.25 1.10992e-21 1.10992e-21
-48.1875 1.1815e-21 1.1815e-21
-48.125 1.2577e-21 1.2577e-21
-48.0625 1.33882e-21 1.33882e-21
-48 1.42516e-21 1.42516e-21
-47.9375 1.51708e-21 1.51708e-21
-47.875 1.61492e-21 1.61492e-21
-47.8125 1.71908e-21 1.71908e-21
-47.75 1.82995e-21 1.82995e-21
-47.6875 1.94797e-21 1.94797e-21
-47.625 2.0736e-21 2.0736e-21
-47.5625 2.20734e-21 2.20734e-21
-47.5 2.3497e-21 2.3497e-21
-47.4375 2.50124e-21 2.50124e-21
-47.375 2.66256e-21 2.66256e-21
-47.3125 2.83428e-21 2.83428e-21
-47.25 3.01707e-21 3.01707e-21
-47.1875 3.21166e-21 3.21166e-21
-47.125 3.41879e-21 3.41879e-21
-47.0625 3.63928e-21 3.63928e-21
-47 3.874e-21 3.874e-21
-46.9375 4.12385e-21 4.12385e-21
-46.875 4.38981e-21 4.38981e-21
-46.8125 4.67293e-21 4.67293e-21
-46.75 4.97431e-21 4.97431e-21
-46.6875 5.29513e-21 5.29513e-21
-46.625 5.63663e-21 5.63663e-21
-46.5625 6.00016e-21 6.00016e-21
-46.5 6.38714e-21 6.38714e-21
-46.4375 6.79908e-21 6.79908e-21
-46.375 7.23758e-21 7.23758e-21
-46.3125 7.70436e-21 7.70436e-21
-46.25 8.20125e-21 8.20125e-21
-46.1875 8.73019e-21 8.73019e-21
-46.125 9.29324e-21 9.29324e-21
-46.0625 9.8926e-21 9.8926e-21
-46 1.05306e-20 1.05306e-20
-45.9375 1.12098e-20 1.12098e-20
-45.875 1.19328e-20 1.19328e-20
-45.8125 1.27023e-20 1.27023e-20
-45.75 1.35216e-20 1.35216e-20
-45.6875 1.43936e-20 1.43936e-20
-45.625 1.5322e-20 1.5322e-20
-45.5625 1.63101e-20 1.63101e-20
-45.5 1.73621e-20 1.73621e-20
-45.4375 1.84818e-20 1.84818e-20
-45.375 1.96738e-20 1.96738e-20
-45.3125 2.09426e-20 2.09426e-20
-45.25 2.22933e-20 2.22933e-20
-45.1875 2.37311e-20 2.37311e-20
-45.125 2.52616e-20 2.52616e-20
-45.0625 2.68909e-20 2.68909e-20
-45 2.86252e-20 2.86252e-20
-44.9375 3.04714e-20 3.04714e-20
-44.875 3.24366e-20 3.24366e-20
-44.8125 3.45286e-20 3.45286e-20
-44.75 3.67555e-20 3.67555e-20
-44.6875 3.9126e-20 3.9126e-20
-44.625 4.16494e-20 4.16494e-20
-44.5625 4.43356e-20 4.43356e-20
-44.5 4.7195e-20 4.7195e-20
-44.4375 5.02388e-20 5.02388e-20
-44.375 5.34789e-20 5.34789e-20
-44.3125 5.6928e-20 5.6928e-20
-44.25 6.05995e-20 6.05995e-20
-44.1875 6.45079e-20 6.45079e-20
-44.125 6.86683e-20 6.86683e-20
-44.0625 7.3097e-20 7.3097e-20
-44 7.78113e-20 7.78113e-20
-43.9375 8.28297e-20 8.28297e-20
-43.875 8.81718e-20 8.81718e-20
-43.8125 9.38584e-20 9.38584e-20
-43.75 9.99117e-20 9.99117e-20
-43.6875 1.06355e-19 1.06355e-19
-43.625 1.13215e-19 1.13215e-19
-43.5625 1.20517e-19 1.20517e-19
-43.5 1.28289e-19 1.28289e-19
-43.4375 1.36563e-19 1.36563e-19
-43.375 1.45371e-19 1.45371e-19
-43.3125 1.54746e-19 1.54746e-19
-43.25 1.64727e-19 1.64727e-19
-43.1875 1.75351e-19 1.75351e-19
-43.125 1.8666e-19 1.8666e-19
-43.0625 1.98698e-19 1.98698e-19
-43 2.11513e-19 2.11513e-19
-42.9375 2.25155e-19 2.25155e-19
-42.875 2.39676e-19 2.39676e-19
-42.8125 2.55134e-19 2.55134e-19
-42.75 2.71588e-19 2.71588e-19
-42.6875 2.89104e-19 2.89104e-19
-42.625 3.0775e-19 3.0775e-19
-42.5625 3.27598e-19 3.27598e-19
-42.5 3.48726e-19 3.48726e-19
-42.4375 3.71217e-19 3.71217e-19
-42.375 3.95159e-19 3.95159e-19
-42.3125 4.20644e-19 4.20644e-19
-42.25 4.47773e-19 4.47773e-19
-42.1875 4.76652e-19 4.76652e-19
-42.125 5.07394e-19 5.07394e-19
-42.0625 5.40118e-19 5.40118e-19
-42 5.74952e-19 5.74952e-19
-41.9375 6.12033e-19 6.12033e-19
-41.875 6.51506e-19 6.51506e-19
-41.8125 6.93525e-19 6.93525e-19
-41.75 7.38253e-19 7.38253e-19
-41.6875 7.85867e-19 7.85867e-19
-41.625 8.36551e-19 8.36551e-19
-41.5625 8.90503e-19 8.90503e-19
-41.5 9.47936e-19 9.47936e-19
-41.4375 1.00907e-18 1.00907e-18
-41.375 1.07415e-18 1.07415e-18
-41.3125 1.14343e-18 1.14343e-18
-41.25 1.21717e-18 1.21717e-18
-41.1875 1.29567e-18 1.29567e-18
-41.125 1.37924e-18 1.37924e-18
-41.0625 1.46819e-18 1.46819e-18
-41 1.56288e-18 1.56288e-18
-40.9375 1.66368e-18 1.66368e-18
-40.875 1.77098e-18 1.77098e-18
-40.8125 1.8852e-18 1.8852e-18
-40.75 2.00678e-18 2.00678e-18
-40.6875 2.13621e-18 2.13621e-18
-40.625 2.27398e-18 2.27398e-18
-40.5625 2.42064e-18 2.42064e-18
-40.5 2.57676e-18 2.57676e-18
-40.4375 2.74294e-18 2.74294e-18
-40.375 2.91985e-18 2.91985e-18
-40.3125 3.10816e-18 3.10816e-18
-40.25 3.30862e-18 3.30862e-18
-40.1875 3.52201e-18 3.52201e-18
-40.125 3.74916e-18 3.74916e-18
-40.0625 3.99096e-18 3.99096e-18
-40 4.24835e-18 4.24835e-18
-39.9375 4.52235e-18 4.52235e-18
-39.875 4.81402e-18 4.81402e-18
-39.8125 5.12449e-18 5.12449e-18
-39.75 5.45499e-18 5.45499e-18
-39.6875 5.80681e-18 5.80681e-18
-39.625 6.18132e-18 6.18132e-18
-39.5625 6.57998e-18 6.57998e-18
-39.5 7.00435e-18 7.00435e-18
-39.4375 7.45609e-18 7.45609e-18
-39.375 7.93697e-18 7.93697e-18
-39.3125 8.44886e-18 8.44886e-18
-39.25 8.99377e-18 8.99377e-18
-39.1875 9.57381e-18 9.57381e-18
-39.125 1.01913e-17 1.01913e-17
-39.0625 1.08486e-17 1.08486e-17
-39 1.15482e-17 1.15482e-17
-38.9375 1.2293e-17 1.2293e-17
-38.875 1.30859e-17 1.30859e-17
-38.8125 1.39298e-17 1.39298e-17
-38.75 1.48282e-17 1.48282e-17
-38.6875 1.57846e-17 1.57846e-17
-38.625 1.68026e-17 1.68026e-17
-38.5625 1.78862e-17 1.78862e-17
-38.5 1.90398e-17 1.90398e-17
-38.4375 2.02678e-17 2.02678e-17
-38.375 2.15749e-17 2.15749e-17
-38.3125 2.29664e-17 2.29664e-17
-38.25 2.44476e-17 2.44476e-17
-38.1875 2.60243e-17 2.60243e-17
-38.125 2.77027e-17 2.77027e-17
-38.0625 2.94894e-17 2.94894e-17
-38 3.13913e-17 3.13913e-17
-37.9375 3.34159e-17 3.34159e-17
-37.875 3.5571e-17 3.5571e-17
-37.8125 3.78652e-17 3.78652e-17
-37.75 4.03073e-17 4.03073e-17
-37.6875 4.29069e-17 4.29069e-17
-37.625 4.56741e-17 4.56741e-17
-37.5625 4.86198e-17 4.86198e-17
-37.5 5.17556e-17 5.17556e-17
-37.4375 5.50935e-17 5.50935e-17
-37.375 5.86467e-17 5.86467e-17
-37.3125 6.24291e-17 6.24291e-17
-37.25 6.64554e-17 6.64554e-17
-37.1875 7.07414e-17 7.07414e-17
-37.125 7.53039e-17 7.53039e-17
-37.0625 8.01606e-17 8.01606e-17
-37 8.53305e-17 8.53305e-17
-36.9375 9.08338e-17 9.08338e-17
-36.875 9.66921e-17 9.66921e-17
-36.8125 1.02928e-16 1.02928e-16
-36.75 1.09567e-16 1.09567e-16
-36.6875 1.16633e-16 1.16633e-16
-36.625 1.24155e-16 1.24155e-16
-36.5625 1.32162e-16 1.32162e-16
-36.5 1.40686e-16 1.40686e-16
-36.4375 1.4976e-16 1.4976e-16
-36.375 1.59418e-16 1.59418e-16
-36.3125 1.697e-16 1.697e-16
-36.25 1.80645e-16 1.80645e-16
-36.1875 1.92295e-16 1.92295e-16
-36.125 2.04697e-16 2.04697e-16
-36.0625 2.17899e-16 2.17899e-16
-36 2.31952e-16 2.31952e-16
-35.9375 2.46912e-16 2.46912e-16
-35.875 2.62836e-16 2.62836e-16
-35.8125 2.79788e-16 2.79788e-16
-35.75 2.97833e-16 2.97833e-16
-35.6875 3.17041e-16 3.17041e-16
-35.625 3.37489e-16 3.37489e-16
-35.5625 3.59255e-16 3.59255e-16
-35.5 3.82425e-16 3.82425e-16
-35.4375 4.07089e-16 4.07089e-16
-35.375 4.33344e-16 4.33344e-16
-35.3125 4.61292e-16 4.61292e-16
-35.25 4.91043e-16 4.91043e-16
-35.1875 5.22713e-16 5.22713e-16
-35.125 5.56425e-16 5.56425e-16
-35.0625 5.92311e-16 5.92311e-16
-35 6.30512e-16 6.30512e-16
-34.9375 6.71176e-16 6.71176e-16
-34.875 7.14463e-16 7.14463e-16
-34.8125 7.60542e-16 7.60542e-16
-34.75 8.09593e-16 8.09593e-16
-34.6875 8.61807e-16 8.61807e-16
-34.625 9.17389e-16 9.17389e-16
-34.5625 9.76556e-16 9.76556e-16
-34.5 1.03954e-15 1.03954e-15
-34.4375 1.10658e-15 1.10658e-15
-34.375 1.17795e-15 1.17795e-15
-34.3125 1.25392e-15 1.25392e-15
-34.25 1.33479e-15 1.33479e-15
-34.1875 1.42088e-15 1.42088e-15
-34.125 1.51252e-15 1.51252e-15
-34.0625 1.61007e-15 1.61007e-15
-34 1.71391e-15 1.71391e-15
-33.9375 1.82445e-15 1.82445e-15
-33.875 1.94211e-15 1.94211e-15
-33.8125 2.06737e-15 2.06737e-15
-33.75 2.2007e-15 2.2007e-15
-33.6875 2.34264e-15 2.34264e-15
-33.625 2.49372e-15 2.49372e-15
-33.5625 2.65455e-15 2.65455e-15
-33.5 2.82576e-15 2.82576e-15
-33.4375 3.008e-15 3.008e-15
-33.375 3.202e-15 3.202e-15
-33.3125 3.40851e-15 3.40851e-15
-33.25 3.62834e-15 3.62834e-15
-33.1875 3.86235e-15 3.86235e-15
-33.125 4.11145e-15 4.11145e-15
-33.0625 4.37662e-15 4.37662e-15
-33 4.65889e-15 4.65889e-15
-32.9375 4.95936e-15 4.95936e-15
-32.875 5.27921e-15 5.27921e-15
-32.8125 5.61969e-15 5.61969e-15
-32.75 5.98213e-15 5.98213e-15
-32.6875 6.36794e-15 6.36794e-15
-32.625 6.77864e-15 6.77864e-15
-32.5625 7.21582e-15 7.21582e-15
-32.5 7.6812e-15 7.6812e-15
-32.4375 8.1766e-15 8.1766e-15
-32.375 8.70395e-15 8.70395e-15
-32.3125 9.2653e-15 9.2653e-15
-32.25 9.86286e-15 9.86286e-15
-32.1875 1.0499e-14 1.0499e-14
-32.125 1.11761e-14 1.11761e-14
-32.0625 1.18969e-14 1.18969e-14
-32 1.26642e-14 1.26642e-14
-31.9375 1.34809e-14 1.34809e-14
-31.875 1.43504e-14 1.43504e-14
-31.8125 1.52759e-14 1.52759e-14
-31.75 1.62611e-14 1.62611e-14
-31.6875 1.73099e-14 1.73099e-14
-31.625 1.84263e-14 1.84263e-14
-31.5625 1.96146e-14 1.96146e-14
-31.5 2.08797e-14 2.08797e-14
-31.4375 2.22263e-14 2.22263e-14
-31.375 2.36598e-14 2.36598e-14
-31.3125 2.51857e-14 2.51857e-14
-31.25 2.681e-14 2.681e-14
-31.1875 2.85391e-14 2.85391e-14
-31.125 3.03798e-14 3.03798e-14
-31.0625 3.23391e-14 3.23391e-14
-31 3.44248e-14 3.44248e-14
-30.9375 3.6645e-14 3.6645e-14
-30.875 3.90084e-14 3.90084e-14
-30.8125 4.15242e-14 4.15242e-14
-30.75 4.42023e-14 4.42023e-14
-30.6875 4.70531e-14 4.70531e-14
-30.625 5.00877e-14 5.00877e-14
-30.5625 5.33181e-14 5.33181e-14
-30.5 5.67569e-14 5.67569e-14
-30.4375 6.04174e-14 6.04174e-14
-30.375 6.43139e-14 6.43139e-14
-30.3125 6.84618e-14 6.84618e-14
-30.25 7.28772e-14 7.28772e-14
-30.1875 7.75774e-14 7.75774e-14
-30.125 8.25807e-14 8.25807e-14
-30.0625 8.79067e-14 8.79067e-14
-30 9.35762e-14 9.35762e-14
-29.9375 9.96114e-14 9.96114e-14
-29.875 1.06036e-13 1.06036e-13
-29.8125 1.12874e-13 1.12874e-13
-29.75 1.20154e-13 1.20154e-13
-29.6875 1.27904e-13 1.27904e-13
-29.625 1.36153e-13 1.36153e-13
-29.5625 1.44934e-13 1.44934e-13
-29.5 1.54281e-13 1.54281e-13
-29.4375 1.64231e-13 1.64231e-13
-29.375 1.74823e-13 1.74823e-13
-29.3125 1.86099e-13 1.86099e-13
-29.25 1.98101e-13 1.98101e-13
-29.1875 2.10877e-13 2.10877e-13
-29.125 2.24478e-13 2.24478e-13
-29.0625 2.38955e-13 2.38955e-13
-29 2.54367e-13 2.54367e-13
-28.9375 2.70772e-13 2.70772e-13
-28.875 2.88235e-13 2.88235e-13
-28.8125 3.06825e-13 3.06825e-13
-28.75 3.26613e-13 3.26613e-13
-28.6875 3.47678e-13 3.47678e-13
-28.625 3.70101e-13 3.70101e-13
-28.5625 3.93971e-13 3.93971e-13
-28.5 4.1938e-13 4.1938e-13
-28.4375 4.46427e-13 4.46427e-13
-28.375 4.75219e-13 4.75219e-13
-28.3125 5.05868e-13 5.05868e-13
-28.25 5.38494e-13 5.38494e-13
-28.1875 5.73224e-13 5.73224e-13
-28.125 6.10194e-13 6.10194e-13
-28.0625 6.49548e-13 6.49548e-13
-28 6.9144e-13 6.9144e-13
-27.9375 7.36034e-13 7.36034e-13
-27.875 7.83504e-13 7.83504e-13
-27.8125 8.34036e-13 8.34036e-13
-27.75 8.87827e-13 8.87827e-13
-27.6875 9.45086e-13 9.45086e-13
-27.625 1.00604e-12 1.00604e-12
-27.5625 1.07092e-12 1.07092e-12
-27.5 1.13999e-12 1.13999e-12
-27.4375 1.21352e-12 1.21352e-12
-27.375 1.29178e-12 1.29178e-12
-27.3125 1.37509e-12 1.37509e-12
-27.25 1.46378e-12 1.46378e-12
-27.1875 1.55818e-12 1.55818e-12
-27.125 1.65868e-12 1.65868e-12
-27.0625 1.76565e-12 1.76565e-12
-27 1.87953e-12 1.87953e-12
-26.9375 2.00075e-12 2.00075e-12
-26.875 2.12979e-12 2.12979e-12
-26.8125 2.26714e-12 2.26714e-12
-26.75 2.41336e-12 2.41336e-12
-26.6875 2.56901e-12 2.56901e-12
-26.625 2.7347e-12 2.7347e-12
-26.5625 2.91107e-12 2.91107e-12
-26.5 3.09882e-12 3.09882e-12
-26.4375 3.29868e-12 3.29868e-12
-26.375 3.51142e-12 3.51142e-12
-26.3125 3.73789e-12 3.73789e-12
-26.25 3.97896e-12 3.97896e-12
-26.1875 4.23558e-12 4.23558e-12
-26.125 4.50876e-12 4.50876e-12
-26.0625 4.79954e-12 4.79954e-12
-26 5.10909e-12 5.10909e-12
-25.9375 5.4386e-12 5.4386e-12
-25.875 5.78936e-12 5.78936e-12
-25.8125 6.16274e-12 6.16274e-12
-25.75 6.5602e-12 6.5602e-12
-25.6875 6.9833e-12 6.9833e-12
-25.625 7.43368e-12 7.43368e-12
-25.5625 7.91311e-12 7.91311e-12
-25.5 8.42346e-12 8.42346e-12
-25.4375 8.96673e-12 8.96673e-12
-25.375 9.54503e-12 9.54503e-12
-25.3125 1.01606e-11 1.01606e-11
-25.25 1.08159e-11 1.08159e-11
-25.1875 1.15135e-11 1.15135e-11
-25.125 1.22561e-11 1.22561e-11
-25.0625 1.30465e-11 1.30465e-11
-25 1.38879e-11 1.38879e-11
-24.9375 1.47836e-11 1.47836e-11
-24.875 1.57371e-11 1.57371e-11
-24.8125 1.67521e-11 1.67521e-11
-24.75 1.78325e-11 1.78325e-11
-24.6875 1.89826e-11 1.89826e-11
-24.625 2.02068e-11 2.02068e-11
-24.5625 2.15101e-11 2.15101e-11
-24.5 2.28973e-11 2.28973e-11
-24.4375 2.43741e-11 2.43741e-11
-24.375 2.59461e-11 2.59461e-11
-24.3125 2.76195e-11 2.76195e-11
-24.25 2.94008e-11 2.94008e-11
-24.1875 3.1297e-11 3.1297e-11
-24.125 3.33154e-11 3.33154e-11
-24.0625 3.54641e-11 3.54641e-11
-24 3.77513e-11 3.77513e-11
-23.9375 4.01861e-11 4.01861e-11
-23.875 4.27779e-11 4.27779e-11
-23.8125 4.55368e-11 4.55368e-11
-23.75 4.84737e-11 4.84737e-11
-23.6875 5.16e-11 5.16e-11
-23.625 5.49279e-11 5.49279e-11
-23.5625 5.84704e-11 5.84704e-11
-23.5 6.22414e-11 6.22414e-11
-23.4375 6.62557e-11 6.62557e-11
-23.375 7.05288e-11 7.05288e-11
-23.3125 7.50775e-11 7.50775e-11
-23.25 7.99196e-11 7.99196e-11
-23.1875 8.5074e-11 8.5074e-11
-23.125 9.05608e-11 9.05608e-11
-23.0625 9.64014e-11 9.64014e-11
-23 1.02619e-10 1.02619e-10
-22.9375 1.09237e-10 1.09237e-10
-22.875 1.16282e-10 1.16282e-10
-22.8125 1.23782e-10 1.23782e-10
-22.75 1.31765e-10 1.31765e-10
-22.6875 1.40263e-10 1.40263e-10
-22.625 1.49309e-10 1.49309e-10
-22.5625 1.58939e-10 1.58939e-10
-22.5 1.6919e-10 1.6919e-10
-22.4375 1.80102e-10 1.80102e-10
-22.375 1.91717e-10 1.91717e-10
-22.3125 2.04082e-10 2.04082e-10
-22.25 2.17244e-10 2.17244e-10
-22.1875 2.31255e-10 2.31255e-10
-22.125 2.4617e-10 2.4617e-10
-22.0625 2.62046e-10 2.62046e-10
-22 2.78947e-10 2.78947e-10
-21.9375 2.96937e-10 2.96937e-10
-21.875 3.16088e-10 3.16088e-10
-21.8125 3.36474e-10 3.36474e-10
-21.75 3.58175e-10 3.58175e-10
-21.6875 3.81275e-10 3.81275e-10
-21.625 4.05865e-10 4.05865e-10
-21.5625 4.32041e-10 4.32041e-10
-21.5 4.59906e-10 4.59906e-10
-21.4375 4.89567e-10 4.89567e-10
-21.375 5.21141e-10 5.21141e-10
-21.3125 5.54752e-10 5.54752e-10
-21.25 5.9053e-10 5.9053e-10
-21.1875 6.28616e-10 6.28616e-10
-21.125 6.69159e-10 6.69159e-10
-21.0625 7.12316e-10 7.12316e-10
-21 7.58256e-10 7.58256e-10
-20.9375 8.07159e-10 8.07159e-10
-20.875 8.59217e-10 8.59217e-10
-20.8125 9.14631e-10 9.14631e-10
-20.75 9.7362e-10 9.7362e-10
-20.6875 1.03641e-09 1.03641e-09
-20.625 1.10326e-09 1.10326e-09
-20.5625 1.17441e-09 1.17441e-09
-20.5 1.25015e-09 1.25015e-09
-20.4375 1.33078e-09 1.33078e-09
-20.375 1.41661e-09 1.41661e-09
-20.3125 1.50797e-09 1.50797e-09
-20.25 1.60523e-09 1.60523e-09
-20.1875 1.70876e-09 1.70876e-09
-20.125 1.81896e-09 1.81896e-09
-20.0625 1.93627e-09 1.93627e-09
-20 2.06115e-09 2.06115e-09
-19.9375 2.19409e-09 2.19409e-09
-19.875 2.33559e-09 2.33559e-09
-19.8125 2.48623e-09 2.48623e-09
-19.75 2.64657e-09 2.64657e-09
-19.6875 2.81726e-09 2.81726e-09
-19.625 2.99896e-09 2.99896e-09
-19.5625 3.19238e-09 3.19238e-09
-19.5 3.39827e-09 3.39827e-09
-19.4375 3.61744e-09 3.61744e-09
-19.375 3.85074e-09 3.85074e-09
-19.3125 4.09909e-09 4.09909e-09
-19.25 4.36346e-09 4.36346e-09
-19.1875 4.64488e-09 4.64488e-09
-19.125 4.94445e-09 4.94445e-09
-19.0625 5.26334e-09 5.26334e-09
-19 5.6028e-09 5.6028e-09
-18.9375 5.96415e-09 5.96415e-09
-18.875 6.3488e-09 6.3488e-09
-18.8125 6.75826e-09 6.75826e-09
-18.75 7.19413e-09 7.19413e-09
-18.6875 7.65811e-09 7.65811e-09
-18.625 8.15202e-09 8.15202e-09
-18.5625 8.67778e-09 8.67778e-09
-18.5 9.23745e-09 9.23745e-09
-18.4375 9.83321e-09 9.83321e-09
-18.375 1.04674e-08 1.04674e-08
-18.3125 1.11425e-08 1.11425e-08
-18.25 1.18611e-08 1.18611e-08
-18.1875 1.26261e-08 1.26261e-08
-18.125 1.34404e-08 1.34404e-08
-18.0625 1.43072e-08 1.43072e-08
-18 1.523e-08 1.523e-08
-17.9375 1.62122e-08 1.62122e-08
-17.875 1.72578e-08 1.72578e-08
-17.8125 1.83709e-08 1.83709e-08
-17.75 1.95557e-08 1.95557e-08
-17.6875 2.08169e-08 2.08169e-08
-17.625 2.21595e-08 2.21595e-08
-17.5625 2.35887e-08 2.35887e-08
-17.5 2.511e-08 2.511e-08
-17.4375 2.67294e-08 2.67294e-08
-17.375 2.84533e-08 2.84533e-08
-17.3125 3.02884e-08 3.02884e-08
-17.25 3.22419e-08 3.22419e-08
-17.1875 3.43213e-08 3.43213e-08
-17.125 3.65348e-08 3.65348e-08
-17.0625 3.88911e-08 3.88911e-08
-17 4.13994e-08 4.13994e-08
-16.9375 4.40694e-08 4.40694e-08
-16.875 4.69116e-08 4.69116e-08
-16.8125 4.99372e-08 4.99372e-08
-16.75 5.31579e-08 5.31579e-08
-16.6875 5.65862e-08 5.65862e-08
-16.625 6.02357e-08 6.02357e-08
-16.5625 6.41206e-08 6.41206e-08
-16.5 6.8256e-08 6.8256e-08
-16.4375 7.26582e-08 7.26582e-08
-16.375 7.73442e-08 7.73442e-08
-16.3125 8.23325e-08 8.23325e-08
-16.25 8.76425e-08 8.76425e-08
-16.1875 9.32949e-08 9.32949e-08
-16.125 9.93119e-08 9.93119e-08
-16.0625 1.05717e-07 1.05717e-07
-16 1.12535e-07 1.12535e-07
-15.9375 1.19793e-07 1.19793e-07
-15.875 1.27519e-07 1.27519e-07
-15.8125 1.35743e-07 1.35743e-07
-15.75 1.44498e-07 1.44498e-07
-15.6875 1.53817e-07 1.53817e-07
-15.625 1.63738e-07 1.63738e-07
-15.5625 1.74298e-07 1.74298e-07
-15.5 1.85539e-07 1.85539e-07
-15.4375 1.97505e-07 1.97505e-07
-15.375 2.10243e-07 2.10243e-07
-15.3125 2.23803e-07 2.23803e-07
-15.25 2.38237e-07 2.38237e-07
-15.1875 2.53602e-07 2.53602e-07
-15.125 2.69958e-07 2.69958e-07
-15.0625 2.87369e-07 2.87369e-07
-15 3.05902e-07 3.05902e-07
-14.9375 3.25631e-07 3.25631e-07
-14.875 3.46633e-07 3.46633e-07
-14.8125 3.68989e-07 3.68989e-07
-14.75 3.92786e-07 3.92786e-07
-14.6875 4.18119e-07 4.18119e-07
-14.625 4.45085e-07 4.45085e-07
-14.5625 4.73791e-07 4.73791e-07
-14.5 5.04348e-07 5.04348e-07
-14.4375 5.36875e-07 5.36875e-07
-14.375 5.71501e-07 5.71501e-07
-14.3125 6.08359e-07 6.08359e-07
-14.25 6.47595e-07 6.47595e-07
-14.1875 6.89362e-07 6.89362e-07
-14.125 7.33822e-07 7.33822e-07
-14.0625 7.81149e-07 7.81149e-07
-14 8.31529e-07 8.31529e-07
-13.9375 8.85158e-07 8.85158e-07
-13.875 9.42245e-07 9.42245e-07
-13.8125 1.00302e-06 1.00302e-06
-13.75 1.0677e-06 1.0677e-06
-13.6875 1.13657e-06 1.13657e-06
-13.625 1.20987e-06 1.20987e-06
-13.5625 1.2879e-06 1.2879e-06
-13.5 1.37096e-06 1.37096e-06
-13.4375 1.45938e-06 1.45938e-06
-13.375 1.5535e-06 1.5535e-06
-13.3125 1.65369e-06 1.65369e-06
-13.25 1.76035e-06 1.76035e-06
-13.1875 1.87388e-06 1.87388e-06
-13.125 1.99473e-06 1.99473e-06
-13.0625 2.12338e-06 2.12338e-06
-13 2.26033e-06 2.26033e-06
-12.9375 2.40611e-06 2.40611e-06
-12.875 2.56129e-06 2.56129e-06
-12.8125 2.72648e-06 2.72648e-06
-12.75 2.90232e-06 2.90232e-06
-12.6875 3.0895e-06 3.0895e-06
-12.625 3.28876e-06 3.28876e-06
-12.5625 3.50087e-06 3.50087e-06
-12.5 3.72665e-06 3.72665e-06
-12.4375 3.967e-06 3.967e-06
-12.375 4.22285e-06 4.22285e-06
-12.3125 4.4952e-06 4.4952e-06
-12.25 4.78512e-06 4.78512e-06
-12.1875 5.09373e-06 5.09373e-06
-12.125 5.42225e-06 5.42225e-06
-12.0625 5.77195e-06 5.77195e-06
-12 6.14421e-06 6.14421e-06
-11.9375 6.54048e-06 6.54048e-06
-11.875 6.9623e-06 6.9623e-06
-11.8125 7.41133e-06 7.41133e-06
-11.75 7.88932e-06 7.88932e-06
-11.6875 8.39814e-06 8.39814e-06
-11.625 8.93978e-06 8.93978e-06
-11.5625 9.51634e-06 9.51634e-06
-11.5 1.01301e-05 1.01301e-05
-11.4375 1.07834e-05 1.07834e-05
-11.375 1.14789e-05 1.14789e-05
-11.3125 1.22192e-05 1.22192e-05
-11.25 1.30073e-05 1.30073e-05
-11.1875 1.38462e-05 1.38462e-05
-11.125 1.47392e-05 1.47392e-05
-11.0625 1.56898e-05 1.56898e-05
-11 1.67017e-05 1.67017e-05
-10.9375 1.77789e-05 1.77789e-05
-10.875 1.89255e-05 1.89255e-05
-10.8125 2.01461e-05 2.01461e-05
-10.75 2.14454e-05 2.14454e-05
-10.6875 2.28285e-05 2.28285e-05
-10.625 2.43008e-05 2.43008e-05
-10.5625 2.58681e-05 2.58681e-05
-10.5 2.75364e-05 2.75364e-05
-10.4375 2.93124e-05 2.93124e-05
-10.375 3.12029e-05 3.12029e-05
-10.3125 3.32153e-05 3.32153e-05
-10.25 3.53575e-05 3.53575e-05
-10.1875 3.76379e-05 3.76379e-05
-10.125 4.00653e-05 4.00653e-05
-10.0625 4.26493e-05 4.26493e-05
-10 4.53999e-05 4.53999e-05
-9.9375 4.8328e-05 4.8328e-05
-9.875 5.14449e-05 5.14449e-05
-9.8125 5.47628e-05 5.47628e-05
-9.75 5.82947e-05 5.82947e-05
-9.6875 6.20543e-05 6.20543e-05
-9.625 6.60565e-05 6.60565e-05
-9.5625 7.03168e-05 7.03168e-05
-9.5 7.48518e-05 7.48518e-05
-9.4375 7.96794e-05 7.96794e-05
-9.375 8.48182e-05 8.48182e-05
-9.3125 9.02885e-05 9.02885e-05
-9.25 9.61117e-05 9.61117e-05
-9.1875 0.00010231 0.00010231
-9.125 0.000108909 0.000108909
-9.0625 0.000115933 0.000115933
-9 0.00012341 0.00012341
-8.9375 0.000131369 0.000131369
-8.875 0.000139842 0.000139842
-8.8125 0.000148861 0.000148861
-8.75 0.000158461 0.000158461
-8.6875 0.000168681 0.000168681
-8.625 0.00017956 0.00017956
-8.5625 0.000191141 0.000191141
-8.5 0.000203468 0.000203468
-8.4375 0.000216591 0.000216591
-8.375 0.00023056 0.00023056
-8.3125 0.00024543 0.00024543
-8.25 0.000261259 0.000261259
-8.1875 0.000278108 0.000278108
-8.125 0.000296045 0.000296045
-8.0625 0.000315138 0.000315138
-8 0.000335463 0.000335463
-7.9375 0.000357098 0.000357098
-7.875 0.000380129 0.000380129
-7.8125 0.000404645 0.000404645
-7.75 0.000430743 0.000430743
-7.6875 0.000458523 0.000458523
-7.625 0.000488095 0.000488095
-7.5625 0.000519575 0.000519575
-7.5 0.000553084 0.000553084
-7.4375 0.000588755 0.000588755
-7.375 0.000626727 0.000626727
-7.3125 0.000667147 0.000667147
-7.25 0.000710174 0.000710174
-7.1875 0.000755977 0.000755977
-7.125 0.000804733 0.000804733
-7.0625 0.000856634 0.000856634
-7 0.000911882 0.000911882
-6.9375 0.000970693 0.000970693
-6.875 0.0010333 0.0010333
-6.8125 0.00109994 0.00109994
-6.75 0.00117088 0.00117088
-6.6875 0.00124639 0.00124639
-6.625 0.00132678 0.00132678
-6.5625 0.00141235 0.00141235
-6.5 0.00150344 0.00150344
-6.4375 0.0016004 0.0016004
-6.375 0.00170362 0.00170362
-6.3125 0.00181349 0.00181349
-6.25 0.00193045 0.00193045
-6.1875 0.00205496 0.00205496
-6.125 0.00218749 0.00218749
-6.0625 0.00232857 0.00232857
-6 0.00247875 0.00247875
-5.9375 0.00263862 0.00263862
-5.875 0.00280879 0.00280879
-5.8125 0.00298995 0.00298995
-5.75 0.00318278 0.00318278
-5.6875 0.00338805 0.00338805
-5.625 0.00360656 0.00360656
-5.5625 0.00383917 0.00383917
-5.5 0.00408677 0.00408677
-5.4375 0.00435035 0.00435035
-5.375 0.00463092 0.00463092
-5.3125 0.00492959 0.00492959
-5.25 0.00524752 0.00524752
-5.1875 0.00558595 0.00558595
-5.125 0.00594622 0.00594622
-5.0625 0.00632972 0.00632972
-5 0.00673795 0.00673795
-4.9375 0.00717251 0.00717251
-4.875 0.00763509 0.00763509
-4.8125 0.00812752 0.00812752
-4.75 0.0086517 0.0086517
-4.6875 0.00920968 0.00920968
-4.625 0.00980366 0.00980366
-4.5625 0.0104359 0.0104359
-4.5 0.011109 0.011109
-4.4375 0.0118255 0.0118255
-4.375 0.0125881 0.0125881
-4.3125 0.0134 0.0134
-4.25 0.0142642 0.0142642
-4.1875 0.0151842 0.0151842
-4.125 0.0161635 0.0161635
-4.0625 0.017206 0.017206
-4 0.0183156 0.0183156
-3.9375 0.0194969 0.0194969
-3.875 0.0207543 0.0207543
-3.8125 0.0220929 0.0220929
-3.75 0.0235177 0.0235177
-3.6875 0.0250345 0.0250345
-3.625 0.0266491 0.0266491
-3.5625 0.0283678 0.0283678
-3.5 0.0301974 0.0301974
-3.4375 0.0321449 0.0321449
-3.375 0.0342181 0.0342181
-3.3125 0.036425 0.036425
-3.25 0.0387742 0.0387742
-3.1875 0.0412749 0.0412749
-3.125 0.0439369 0.0439369
-3.0625 0.0467706 0.0467706
-3 0.0497871 0.0497871
-2.9375 0.0529981 0.0529981
-2.875 0.0564161 0.0564161
-2.8125 0.0600547 0.0600547
-2.75 0.0639279 0.0639279
-2.6875 0.0680509 0.0680509
-2.625 0.0724398 0.0724398
-2.5625 0.0771117 0.0771117
-2.5 0.082085 0.082085
-2.4375 0.087379 0.087379
-2.375 0.0930145 0.0930145
-2.3125 0.0990134 0.0990134
-2.25 0.105399 0.105399
-2.1875 0.112197 0.112197
-2.125 0.119433 0.119433
-2.0625 0.127136 0.127136
-2 0.135335 0.135335
-1.9375 0.144064 0.144064
-1.875 0.153355 0.153355
-1.8125 0.163246 0.163246
-1.75 0.173774 0.173774
-1.6875 0.184981 0.184981
-1.625 0.196912 0.196912
-1.5625 0.209611 0.209611
-1.5 0.22313 0.22313
-1.4375 0.237521 0.237521
-1.375 0.25284 0.25284
-1.3125 0.269146 0.269146
-1.25 0.286505 0.286505
-1.1875 0.304983 0.304983
-1.125 0.324652 0.324652
-1.0625 0.345591 0.345591
-1 0.367879 0.367879
-0.9375 0.391606 0.391606
-0.875 0.416862 0.416862
-0.8125 0.443747 0.443747
-0.75 0.472367 0.472367
-0.6875 0.502832 0.502832
-0.625 0.535261 0.535261
-0.5625 0.569783 0.569783
-0.5 0.606531 0.606531
-0.4375 0.645649 0.645649
-0.375 0.687289 0.687289
-0.3125 0.731616 0.731616
-0.25 0.778801 0.778801
-0.1875 0.829029 0.829029
-0.125 0.882497 0.882497
-0.0625 0.939413 0.939413
0 1 1
0.0625 1.06449 1.06449
0.125 1.13315 1.13315
0.1875 1.20623 1.20623
0.25 1.28403 1.28403
0.3125 1.36684 1.36684
0.375 1.45499 1.45499
0.4375 1.54883 1.54883
0.5 1.64872 1.64872
0.5625 1.75505 1.75505
0.625 1.86825 1.86825
0.6875 1.98874 1.98874
0.75 2.117 2.117
0.8125 2.25353 2.25353
0.875 2.39888 2.39888
0.9375 2.55359 2.55359
1 2.71828 2.71828
1.0625 2.8936 2.8936
1.125 3.08022 3.08022
1.1875 3.27887 3.27887
1.25 3.49034 3.49034
1.3125 3.71545 3.71545
1.375 3.95508 3.95508
1.4375 4.21016 4.21016
1.5 4.48169 4.48169
1.5625 4.77073 4.77073
1.625 5.07842 5.07842
1.6875 5.40595 5.40595
1.75 5.7546 5.7546
1.8125 6.12574 6.12574
1.875 6.52082 6.52082
1.9375 6.94138 6.94138
2 7.38906 7.38906
2.0625 7.86561 7.86561
2.125 8.3729 8.3729
2.1875 8.9129 8.9129
2.25 9.48774 9.48774
2.3125 10.0996 10.0996
2.375 10.751 10.751
2.4375 11.4444 11.4444
2.5 12.1825 12.1825
2.5625 12.9682 12.9682
2.625 13.8046 13.8046
2.6875 14.6949 14.6949
2.75 15.6426 15.6426
2.8125 16.6515 16.6515
2.875 17.7254 17.7254
2.9375 18.8686 18.8686
3 20.0855 20.0855
3.0625 21.3809 21.3809
3.125 22.7599 22.7599
3.1875 24.2278 24.2278
3.25 25.7903 25.7903
3.3125 27.4537 27.4537
3.375 29.2243 29.2243
3.4375 31.1091 31.1091
3.5 33.1155 33.1155
3.5625 35.2512 35.2512
3.625 37.5247 37.5247
3.6875 39.9449 39.9449
3.75 42.5211 42.5211
3.8125 45.2635 45.2635
3.875 48.1827 48.1827
3.9375 51.2902 51.2902
4 54.5982 54.5982
4.0625 58.1194 58.1194
4.125 61.8678 61.8678
4.1875 65.8579 65.8579
4.25 70.1054 70.1054
4.3125 74.6268 74.6268
4.375 79.4398 79.4398
4.4375 84.5633 84.5633
4.5 90.0171 90.0171
4.5625 95.8227 95.8227
4.625 102.003 102.003
4.6875 108.581 108.581
4.75 115.584 115.584
4.8125 123.039 123.039
4.875 130.974 130.974
4.9375 139.421 139.421
5 148.413 148.413
5.0625 157.985 157.985
5.125 168.174 168.174
5.1875 179.02 179.02
5.25 190.566 190.566
5.3125 202.857 202.857
5.375 215.94 215.94
5.4375 229.867 229.867
5.5 244.692 244.692
5.5625 260.473 260.473
5.625 277.272 277.272
5.6875 295.155 295.155
5.75 314.191 314.191
5.8125 334.454 334.454
5.875 356.025 356.025
5.9375 378.986 378.986
6 403.429 403.429
6.0625 429.448 429.448
6.125 457.145 457.145
6.1875 486.628 486.628
6.25 518.013 518.013
6.3125 551.422 551.422
6.375 586.985 586.985
6.4375 624.843 624.843
6.5 665.142 665.142
6.5625 708.04 708.04
6.625 753.704 753.704
6.6875 802.314 802.314
6.75 854.059 854.059
6.8125 909.141 909.141
6.875 967.775 967.775
6.9375 1030.19 1030.19
7 1096.63 1096.63
7.0625 1167.36 1167.36
7.125 1242.65 1242.65
7.1875 1322.79 1322.79
7.25 1408.1 1408.1
7.3125 1498.92 1498.92
7.375 1595.59 1595.59
7.4375 1698.5 1698.5
7.5 1808.04 1808.04
7.5625 1924.65 1924.65
7.625 2048.78 2048.78
7.6875 2180.92 2180.92
7.75 2321.57 2321.57
7.8125 2471.3 2471.3
7.875 2630.69 2630.69
7.9375 2800.35 2800.35
8 2980.96 2980.96
8.0625 3173.21 3173.21
8.125 3377.87 3377.87
8.1875 3595.72 3595.72
8.25 3827.63 3827.63
8.3125 4074.49 4074.49
8.375 4337.27 4337.27
8.4375 4617 4617
8.5 4914.77 4914.77
8.5625 5231.74 5231.74
8.625 5569.16 5569.16
8.6875 5928.34 5928.34
8.75 6310.69 6310.69
8.8125 6717.69 6717.69
8.875 7150.95 7150.95
8.9375 7612.14 7612.14
9 8103.08 8103.08
9.0625 8625.69 8625.69
9.125 9182 9182
9.1875 9774.18 9774.18
9.25 10404.6 10404.6
9.3125 11075.6 11075.6
9.375 11789.9 11789.9
9.4375 12550.3 12550.3
9.5 13359.7 13359.7
9.5625 14221.4 14221.4
9.625 15138.6 15138.6
9.6875 16114.9 16114.9
9.75 17154.2 17154.2
9.8125 18260.6 18260.6
9.875 19438.3 19438.3
9.9375 20691.9 20691.9
10 22026.5 22026.5
10.0625 23447.1 23447.1
10.125 24959.3 24959.3
10.1875 26569 26569
10.25 28282.5 28282.5
10.3125 30106.6 30106.6
10.375 32048.3 32048.3
10.4375 34115.3 34115.3
10.5 36315.5 36315.5
10.5625 38657.7 38657.7
10.625 41150.9 41150.9
10.6875 43804.9 43804.9
10.75 46630 46630
10.8125 49637.4 49637.4
10.875 52838.7 52838.7
10.9375 56246.6 56246.6
11 59874.1 59874.1
11.0625 63735.7 63735.7
11.125 67846.3 67846.3
11.1875 72222 72222
11.25 76879.9 76879.9
11.3125 81838.2 81838.2
11.375 87116.4 87116.4
11.4375 92734.9 92734.9
11.5 98715.8 98715.8
11.5625 105082 105082
11.625 111860 111860
11.6875 119074 119074
11.75 126754 126754
11.8125 134928 134928
11.875 143631 143631
11.9375 152894 152894
12 162755 162755
12.0625 173252 173252
12.125 184425 184425
12.1875 196320 196320
12.25 208981 208981
12.3125 222459 222459
12.375 236807 236807
12.4375 252080 252080
12.5 268337 268337
12.5625 285644 285644
12.625 304066 304066
12.6875 323677 323677
12.75 344552 344552
12.8125 366774 366774
12.875 390428 390428
12.9375 415609 415609
13 442413 442413
13.0625 470947 470947
13.125 501320 501320
13.1875 533652 533652
13.25 568070 568070
13.3125 604707 604707
13.375 643708 643708
13.4375 685223 685223
13.5 729416 729416
13.5625 776460 776460
13.625 826537 826537
13.6875 879844 879844
13.75 936589 936589
13.8125 996994 996994
13.875 1.06129e+06 1.06129e+06
13.9375 1.12974e+06 1.12974e+06
14 1.2026e+06 1.2026e+06
14.0625 1.28017e+06 1.28017e+06
14.125 1.36273e+06 1.36273e+06
14.1875 1.45062e+06 1.45062e+06
14.25 1.54417e+06 1.54417e+06
14.3125 1.64377e+06 1.64377e+06
14.375 1.74978e+06 1.74978e+06
14.4375 1.86263e+06 1.86263e+06
14.5 1.98276e+06 1.98276e+06
14.5625 2.11064e+06 2.11064e+06
14.625 2.24676e+06 2.24676e+06
14.6875 2.39166e+06 2.39166e+06
14.75 2.54591e+06 2.54591e+06
14.8125 2.71011e+06 2.71011e+06
14.875 2.8849e+06 2.8849e+06
14.9375 3.07096e+06 3.07096e+06
15 3.26902e+06 3.26902e+06
15.0625 3.47985e+06 3.47985e+06
15.125 3.70428e+06 3.70428e+06
15.1875 3.94319e+06 3.94319e+06
15.25 4.1975e+06 4.1975e+06
15.3125 4.46822e+06 4.46822e+06
15.375 4.75639e+06 4.75639e+06
15.4375 5.06315e+06 5.06315e+06
15.5 5.3897e+06 5.3897e+06
15.5625 5.7373e+06 5.7373e+06
15.625 6.10733e+06 6.10733e+06
15.6875 6.50122e+06 6.50122e+06
15.75 6.92051e+06 6.92051e+06
15.8125 7.36684e+06 7.36684e+06
15.875 7.84197e+06 7.84197e+06
15.9375 8.34773e+06 8.34773e+06
16 8.88611e+06 8.88611e+06
16.0625 9.45922e+06 9.45922e+06
16.125 1.00693e+07 1.00693e+07
16.1875 1.07187e+07 1.07187e+07
16.25 1.141e+07 1.141e+07
16.3125 1.21459e+07 1.21459e+07
16.375 1.29292e+07 1.29292e+07
16.4375 1.37631e+07 1.37631e+07
16.5 1.46507e+07 1.46507e+07
16.5625 1.55956e+07 1.55956e+07
16.625 1.66014e+07 1.66014e+07
16.6875 1.76721e+07 1.76721e+07
16.75 1.88119e+07 1.88119e+07
16.8125 2.00252e+07 2.00252e+07
16.875 2.13167e+07 2.13167e+07
16.9375 2.26915e+07 2.26915e+07
17 2.4155e+07 2.4155e+07
17.0625 2.57128e+07 2.57128e+07
17.125 2.73711e+07 2.73711e+07
17.1875 2.91364e+07 2.91364e+07
17.25 3.10156e+07 3.10156e+07
17.3125 3.30159e+07 3.30159e+07
17.375 3.51452e+07 3.51452e+07
17.4375 3.74119e+07 3.74119e+07
17.5 3.98248e+07 3.98248e+07
17.5625 4.23933e+07 4.23933e+07
17.625 4.51274e+07 4.51274e+07
17.6875 4.80379e+07 4.80379e+07
17.75 5.1136e+07 5.1136e+07
17.8125 5.4434e+07 5.4434e+07
17.875 5.79447e+07 5.79447e+07
17.9375 6.16818e+07 6.16818e+07
18 6.566e+07 6.566e+07
18.0625 6.98947e+07 6.98947e+07
18.125 7.44025e+07 7.44025e+07
18.1875 7.9201e+07 7.9201e+07
18.25 8.43091e+07 8.43091e+07
18.3125 8.97465e+07 8.97465e+07
18.375 9.55347e+07 9.55347e+07
18.4375 1.01696e+08 1.01696e+08
18.5 1.08255e+08 1.08255e+08
18.5625 1.15237e+08 1.15237e+08
18.625 1.22669e+08 1.22669e+08
18.6875 1.3058e+08 1.3058e+08
18.75 1.39002e+08 1.39002e+08
18.8125 1.47967e+08 1.47967e+08
18.875 1.5751e+08 1.5751e+08
18.9375 1.67669e+08 1.67669e+08
19 1.78482e+08 1.78482e+08
19.0625 1.89993e+08 1.89993e+08
19.125 2.02247e+08 2.02247e+08
19.1875 2.15291e+08 2.15291e+08
19.25 2.29176e+08 2.29176e+08
19.3125 2.43956e+08 2.43956e+08
19.375 2.5969e+08 2.5969e+08
19.4375 2.76439e+08 2.76439e+08
19.5 2.94268e+08 2.94268e+08
19.5625 3.13246e+08 3.13246e+08
19.625 3.33449e+08 3.33449e+08
19.6875 3.54954e+08 3.54954e+08
19.75 3.77847e+08 3.77847e+08
19.8125 4.02216e+08 4.02216e+08
19.875 4.28157e+08 4.28157e+08
19.9375 4.55771e+08 4.55771e+08
20 4.85165e+08 4.85165e+08
20.0625 5.16456e+08 5.16456e+08
20.125 5.49764e+08 5.49764e+08
20.1875 5.85221e+08 5.85221e+08
20.25 6.22964e+08 6.22964e+08
20.3125 6.63142e+08 6.63142e+08
20.375 7.05911e+08 7.05911e+08
20.4375 7.51439e+08 7.51439e+08
20.5 7.99902e+08 7.99902e+08
20.5625 8.51491e+08 8.51491e+08
20.625 9.06408e+08 9.06408e+08
20.6875 9.64866e+08 9.64866e+08
20.75 1.02709e+09 1.02709e+09
20.8125 1.09334e+09 1.09334e+09
20.875 1.16385e+09 1.16385e+09
20.9375 1.23891e+09 1.23891e+09
21 1.31882e+09 1.31882e+09
21.0625 1.40387e+09 1.40387e+09
21.125 1.49441e+09 1.49441e+09
21.1875 1.5908e+09 1.5908e+09
21.25 1.69339e+09 1.69339e+09
21.3125 1.80261e+09 1.80261e+09
21.375 1.91887e+09 1.91887e+09
21.4375 2.04262e+09 2.04262e+09
21.5 2.17436e+09 2.17436e+09
21.5625 2.31459e+09 2.31459e+09
21.625 2.46387e+09 2.46387e+09
21.6875 2.62278e+09 2.62278e+09
21.75 2.79193e+09 2.79193e+09
21.8125 2.972e+09 2.972e+09
21.875 3.16367e+09 3.16367e+09
21.9375 3.36771e+09 3.36771e+09
22 3.58491e+09 3.58491e+09
22.0625 3.81612e+09 3.81612e+09
22.125 4.06224e+09 4.06224e+09
22.1875 4.32423e+09 4.32423e+09
22.25 4.60312e+09 4.60312e+09
22.3125 4.89999e+09 4.89999e+09
22.375 5.21602e+09 5.21602e+09
22.4375 5.55242e+09 5.55242e+09
22.5 5.91052e+09 5.91052e+09
22.5625 6.29172e+09 6.29172e+09
22.625 6.6975e+09 6.6975e+09
22.6875 7.12945e+09 7.12945e+09
22.75 7.58926e+09 7.58926e+09
22.8125 8.07873e+09 8.07873e+09
22.875 8.59976e+09 8.59976e+09
22.9375 9.1544e+09 9.1544e+09
23 9.7448e+09 9.7448e+09
23.0625 1.03733e+10 1.03733e+10
23.125 1.10423e+10 1.10423e+10
23.1875 1.17545e+10 1.17545e+10
23.25 1.25126e+10 1.25126e+10
23.3125 1.33196e+10 1.33196e+10
23.375 1.41786e+10 1.41786e+10
23.4375 1.5093e+10 1.5093e+10
23.5 1.60665e+10 1.60665e+10
23.5625 1.71027e+10 1.71027e+10
23.625 1.82057e+10 1.82057e+10
23.6875 1.93799e+10 1.93799e+10
23.75 2.06297e+10 2.06297e+10
23.8125 2.19603e+10 2.19603e+10
23.875 2.33766e+10 2.33766e+10
23.9375 2.48842e+10 2.48842e+10
24 2.64891e+10 2.64891e+10
24.0625 2.81975e+10 2.81975e+10
24.125 3.00161e+10 3.00161e+10
24.1875 3.1952e+10 3.1952e+10
24.25 3.40127e+10 3.40127e+10
24.3125 3.62063e+10 3.62063e+10
24.375 3.85414e+10 3.85414e+10
24.4375 4.10272e+10 4.10272e+10
24.5 4.36732e+10 4.36732e+10
24.5625 4.64899e+10 4.64899e+10
24.625 4.94882e+10 4.94882e+10
24.6875 5.26799e+10 5.26799e+10
24.75 5.60775e+10 5.60775e+10
24.8125 5.96942e+10 5.96942e+10
24.875 6.35441e+10 6.35441e+10
24.9375 6.76423e+10 6.76423e+10
25 7.20049e+10 7.20049e+10
25.0625 7.66488e+10 7.66488e+10
25.125 8.15922e+10 8.15922e+10
25.1875 8.68545e+10 8.68545e+10
25.25 9.24561e+10 9.24561e+10
25.3125 9.8419e+10 9.8419e+10
25.375 1.04767e+11 1.04767e+11
25.4375 1.11523e+11 1.11523e+11
25.5 1.18716e+11 1.18716e+11
25.5625 1.26373e+11 1.26373e+11
25.625 1.34523e+11 1.34523e+11
25.6875 1.43199e+11 1.43199e+11
25.75 1.52434e+11 1.52434e+11
25.8125 1.62266e+11 1.62266e+11
25.875 1.72731e+11 1.72731e+11
25.9375 1.83871e+11 1.83871e+11
26 1.9573e+11 1.9573e+11
26.0625 2.08353e+11 2.08353e+11
26.125 2.21791e+11 2.21791e+11
26.1875 2.36095e+11 2.36095e+11
26.25 2.51322e+11 2.51322e+11
26.3125 2.67531e+11 2.67531e+11
26.375 2.84785e+11 2.84785e+11
26.4375 3.03152e+11 3.03152e+11
26.5 3.22704e+11 3.22704e+11
26.5625 3.43516e+11 3.43516e+11
26.625 3.65671e+11 3.65671e+11
26.6875 3.89255e+11 3.89255e+11
26.75 4.1436e+11 4.1436e+11
26.8125 4.41083e+11 4.41083e+11
26.875 4.69531e+11 4.69531e+11
26.9375 4.99813e+11 4.99813e+11
27 5.32048e+11 5.32048e+11
27.0625 5.66362e+11 5.66362e+11
27.125 6.0289e+11 6.0289e+11
27.1875 6.41773e+11 6.41773e+11
27.25 6.83163e+11 6.83163e+11
27.3125 7.27224e+11 7.27224e+11
27.375 7.74126e+11 7.74126e+11
27.4375 8.24052e+11 8.24052e+11
27.5 8.77199e+11 8.77199e+11
27.5625 9.33774e+11 9.33774e+11
27.625 9.93997e+11 9.93997e+11
27.6875 1.0581e+12 1.0581e+12
27.75 1.12635e+12 1.12635e+12
27.8125 1.19899e+12 1.19899e+12
27.875 1.27632e+12 1.27632e+12
27.9375 1.35863e+12 1.35863e+12
28 1.44626e+12 1.44626e+12
28.0625 1.53953e+12 1.53953e+12
28.125 1.63882e+12 1.63882e+12
28.1875 1.74452e+12 1.74452e+12
28.25 1.85703e+12 1.85703e+12
28.3125 1.9768e+12 1.9768e+12
28.375 2.10429e+12 2.10429e+12
28.4375 2.24001e+12 2.24001e+12
28.5 2.38447e+12 2.38447e+12
28.5625 2.53826e+12 2.53826e+12
28.625 2.70196e+12 2.70196e+12
28.6875 2.87623e+12 2.87623e+12
28.75 3.06173e+12 3.06173e+12
28.8125 3.25919e+12 3.25919e+12
28.875 3.46939e+12 3.46939e+12
28.9375 3.69315e+12 3.69315e+12
29 3.93133e+12 3.93133e+12
29.0625 4.18488e+12 4.18488e+12
29.125 4.45479e+12 4.45479e+12
29.1875 4.74209e+12 4.74209e+12
29.25 5.04793e+12 5.04793e+12
29.3125 5.3735e+12 5.3735e+12
29.375 5.72006e+12 5.72006e+12
29.4375 6.08897e+12 6.08897e+12
29.5 6.48167e+12 6.48167e+12
29.5625 6.89971e+12 6.89971e+12
29.625 7.3447e+12 7.3447e+12
29.6875 7.81839e+12 7.81839e+12
29.75 8.32263e+12 8.32263e+12
29.8125 8.8594e+12 8.8594e+12
29.875 9.43078e+12 9.43078e+12
29.9375 1.0039e+13 1.0039e+13
30 1.06865e+13 1.06865e+13
30.0625 1.13757e+13 1.13757e+13
30.125 1.21094e+13 1.21094e+13
30.1875 1.28903e+13 1.28903e+13
30.25 1.37217e+13 1.37217e+13
30.3125 1.46067e+13 1.46067e+13
30.375 1.55487e+13 1.55487e+13
30.4375 1.65515e+13 1.65515e+13
30.5 1.7619e+13 1.7619e+13
30.5625 1.87553e+13 1.87553e+13
30.625 1.9965e+13 1.9965e+13
30.6875 2.12526e+13 2.12526e+13
30.75 2.26233e+13 2.26233e+13
30.8125 2.40823e+13 2.40823e+13
30.875 2.56355e+13 2.56355e+13
30.9375 2.72889e+13 2.72889e+13
31 2.90488e+13 2.90488e+13
31.0625 3.09223e+13 3.09223e+13
31.125 3.29167e+13 3.29167e+13
31.1875 3.50396e+13 3.50396e+13
31.25 3.72995e+13 3.72995e+13
31.3125 3.97051e+13 3.97051e+13
31.375 4.22658e+13 4.22658e+13
31.4375 4.49917e+13 4.49917e+13
31.5 4.78935e+13 4.78935e+13
31.5625 5.09823e+13 5.09823e+13
31.625 5.42704e+13 5.42704e+13
31.6875 5.77705e+13 5.77705e+13
31.75 6.14964e+13 6.14964e+13
31.8125 6.54626e+13 6.54626e+13
31.875 6.96846e+13 6.96846e+13
31.9375 7.41788e+13 7.41788e+13
32 7.8963e+13 7.8963e+13
32.0625 8.40556e+13 8.40556e+13
32.125 8.94768e+13 8.94768e+13
32.1875 9.52475e+13 9.52475e+13
32.25 1.0139e+14 1.0139e+14
32.3125 1.0793e+14 1.0793e+14
32.375 1.1489e+14 1.1489e+14
32.4375 1.223e+14 1.223e+14
32.5 1.30188e+14 1.30188e+14
32.5625 1.38584e+14 1.38584e+14
32.625 1.47522e+14 1.47522e+14
32.6875 1.57037e+14 1.57037e+14
32.75 1.67165e+14 1.67165e+14
32.8125 1.77946e+14 1.77946e+14
32.875 1.89422e+14 1.89422e+14
32.9375 2.01639e+14 2.01639e+14
33 2.14644e+14 2.14644e+14
33.0625 2.28487e+14 2.28487e+14
33.125 2.43223e+14 2.43223e+14
33.1875 2.5891e+14 2.5891e+14
33.25 2.75608e+14 2.75608e+14
33.3125 2.93383e+14 2.93383e+14
33.375 3.12305e+14 3.12305e+14
33.4375 3.32446e+14 3.32446e+14
33.5 3.53887e+14 3.53887e+14
33.5625 3.76711e+14 3.76711e+14
33.625 4.01007e+14 4.01007e+14
33.6875 4.2687e+14 4.2687e+14
33.75 4.544e+14 4.544e+14
33.8125 4.83707e+14 4.83707e+14
33.875 5.14903e+14 5.14903e+14
33.9375 5.48112e+14 5.48112e+14
34 5.83462e+14 5.83462e+14
34.0625 6.21092e+14 6.21092e+14
34.125 6.61149e+14 6.61149e+14
34.1875 7.03789e+14 7.03789e+14
34.25 7.4918e+14 7.4918e+14
34.3125 7.97498e+14 7.97498e+14
34.375 8.48932e+14 8.48932e+14
34.4375 9.03683e+14 9.03683e+14
34.5 9.61966e+14 9.61966e+14
34.5625 1.02401e+15 1.02401e+15
34.625 1.09005e+15 1.09005e+15
34.6875 1.16035e+15 1.16035e+15
34.75 1.23519e+15 1.23519e+15
34.8125 1.31485e+15 1.31485e+15
34.875 1.39965e+15 1.39965e+15
34.9375 1.48992e+15 1.48992e+15
35 1.58601e+15 1.58601e+15
35.0625 1.6883e+15 1.6883e+15
35.125 1.79719e+15 1.79719e+15
35.1875 1.9131e+15 1.9131e+15
35.25 2.03648e+15 2.03648e+15
35.3125 2.16782e+15 2.16782e+15
35.375 2.30764e+15 2.30764e+15
35.4375 2.45647e+15 2.45647e+15
35.5 2.61489e+15 2.61489e+15
35.5625 2.78354e+15 2.78354e+15
35.625 2.96306e+15 2.96306e+15
35.6875 3.15416e+15 3.15416e+15
35.75 3.35759e+15 3.35759e+15
35.8125 3.57414e+15 3.57414e+15
35.875 3.80465e+15 3.80465e+15
35.9375 4.05003e+15 4.05003e+15
36 4.31123e+15 4.31123e+15
36.0625 4.58928e+15 4.58928e+15
36.125 4.88527e+15 4.88527e+15
36.1875 5.20034e+15 5.20034e+15
36.25 5.53573e+15 5.53573e+15
36.3125 5.89275e+15 5.89275e+15
36.375 6.2728e+15 6.2728e+15
36.4375 6.67737e+15 6.67737e+15
36.5 7.10802e+15 7.10802e+15
36.5625 7.56645e+15 7.56645e+15
36.625 8.05444e+15 8.05444e+15
36.6875 8.57391e+15 8.57391e+15
36.75 9.12688e+15 9.12688e+15
36.8125 9.71551e+15 9.71551e+15
36.875 1.03421e+16 1.03421e+16
36.9375 1.10091e+16 1.10091e+16
37 1.17191e+16 1.17191e+16
37.0625 1.2475e+16 1.2475e+16
37.125 1.32795e+16 1.32795e+16
37.1875 1.4136e+16 1.4136e+16
37.25 1.50477e+16 1.50477e+16
37.3125 1.60182e+16 1.60182e+16
37.375 1.70513e+16 1.70513e+16
37.4375 1.8151e+16 1.8151e+16
37.5 1.93216e+16 1.93216e+16
37.5625 2.05677e+16 2.05677e+16
37.625 2.18942e+16 2.18942e+16
37.6875 2.33063e+16 2.33063e+16
37.75 2.48094e+16 2.48094e+16
37.8125 2.64095e+16 2.64095e+16
37.875 2.81128e+16 2.81128e+16
37.9375 2.99259e+16 2.99259e+16
38 3.18559e+16 3.18559e+16
38.0625 3.39105e+16 3.39105e+16
38.125 3.60975e+16 3.60975e+16
38.1875 3.84256e+16 3.84256e+16
38.25 4.09038e+16 4.09038e+16
38.3125 4.35419e+16 4.35419e+16
38.375 4.63501e+16 4.63501e+16
38.4375 4.93394e+16 4.93394e+16
38.5 5.25216e+16 5.25216e+16
38.5625 5.59089e+16 5.59089e+16
38.625 5.95147e+16 5.95147e+16
38.6875 6.33531e+16 6.33531e+16
38.75 6.7439e+16 6.7439e+16
38.8125 7.17885e+16 7.17885e+16
38.875 7.64184e+16 7.64184e+16
38.9375 8.1347e+16 8.1347e+16
39 8.65934e+16 8.65934e+16
39.0625 9.21782e+16 9.21782e+16
39.125 9.81232e+16 9.81232e+16
39.1875 1.04452e+17 1.04452e+17
39.25 1.11188e+17 1.11188e+17
39.3125 1.18359e+17 1.18359e+17
39.375 1.25993e+17 1.25993e+17
39.4375 1.34118e+17 1.34118e+17
39.5 1.42768e+17 1.42768e+17
39.5625 1.51976e+17 1.51976e+17
39.625 1.61778e+17 1.61778e+17
39.6875 1.72212e+17 1.72212e+17
39.75 1.83318e+17 1.83318e+17
39.8125 1.95141e+17 1.95141e+17
39.875 2.07727e+17 2.07727e+17
39.9375 2.21124e+17 2.21124e+17
40 2.35385e+17 2.35385e+17
40.0625 2.50566e+17 2.50566e+17
40.125 2.66726e+17 2.66726e+17
40.1875 2.83929e+17 2.83929e+17
40.25 3.02241e+17 3.02241e+17
40.3125 3.21734e+17 3.21734e+17
40.375 3.42484e+17 3.42484e+17
40.4375 3.64572e+17 3.64572e+17
40.5 3.88085e+17 3.88085e+17
40.5625 4.13114e+17 4.13114e+17
40.625 4.39758e+17 4.39758e+17
40.6875 4.68119e+17 4.68119e+17
40.75 4.98311e+17 4.98311e+17
40.8125 5.30449e+17 5.30449e+17
40.875 5.6466e+17 5.6466e+17
40.9375 6.01077e+17 6.01077e+17
41 6.39843e+17 6.39843e+17
41.0625 6.8111e+17 6.8111e+17
41.125 7.25038e+17 7.25038e+17
41.1875 7.71799e+17 7.71799e+17
41.25 8.21575e+17 8.21575e+17
41.3125 8.74562e+17 8.74562e+17
41.375 9.30967e+17 9.30967e+17
41.4375 9.91009e+17 9.91009e+17
41.5 1.05492e+18 1.05492e+18
41.5625 1.12296e+18 1.12296e+18
41.625 1.19539e+18 1.19539e+18
41.6875 1.27248e+18 1.27248e+18
41.75 1.35455e+18 1.35455e+18
41.8125 1.44191e+18 1.44191e+18
41.875 1.5349e+18 1.5349e+18
41.9375 1.6339e+18 1.6339e+18
42 1.73927e+18 1.73927e+18
42.0625 1.85145e+18 1.85145e+18
42.125 1.97086e+18 1.97086e+18
42.1875 2.09797e+18 2.09797e+18
42.25 2.23327e+18 2.23327e+18
42.3125 2.37731e+18 2.37731e+18
42.375 2.53063e+18 2.53063e+18
42.4375 2.69384e+18 2.69384e+18
42.5 2.86758e+18 2.86758e+18
42.5625 3.05252e+18 3.05252e+18
42.625 3.24939e+18 3.24939e+18
42.6875 3.45896e+18 3.45896e+18
42.75 3.68205e+18 3.68205e+18
42.8125 3.91952e+18 3.91952e+18
42.875 4.1723e+18 4.1723e+18
42.9375 4.44139e+18 4.44139e+18
43 4.72784e+18 4.72784e+18
43.0625 5.03276e+18 5.03276e+18
43.125 5.35734e+18 5.35734e+18
43.1875 5.70286e+18 5.70286e+18
43.25 6.07067e+18 6.07067e+18
43.3125 6.46219e+18 6.46219e+18
43.375 6.87897e+18 6.87897e+18
43.4375 7.32262e+18 7.32262e+18
43.5 7.79489e+18 7.79489e+18
43.5625 8.29762e+18 8.29762e+18
43.625 8.83277e+18 8.83277e+18
43.6875 9.40243e+18 9.40243e+18
43.75 1.00088e+19 1.00088e+19
43.8125 1.06544e+19 1.06544e+19
43.875 1.13415e+19 1.13415e+19
43.9375 1.2073e+19 1.2073e+19
44 1.28516e+19 1.28516e+19
44.0625 1.36805e+19 1.36805e+19
44.125 1.45628e+19 1.45628e+19
44.1875 1.5502e+19 1.5502e+19
44.25 1.65018e+19 1.65018e+19
44.3125 1.75661e+19 1.75661e+19
44.375 1.8699e+19 1.8699e+19
44.4375 1.99049e+19 1.99049e+19
44.5 2.11887e+19 2.11887e+19
44.5625 2.25553e+19 2.25553e+19
44.625 2.40099e+19 2.40099e+19
44.6875 2.55585e+19 2.55585e+19
44.75 2.72068e+19 2.72068e+19
44.8125 2.89615e+19 2.89615e+19
44.875 3.08294e+19 3.08294e+19
44.9375 3.28177e+19 3.28177e+19
45 3.49343e+19 3.49343e+19
45.0625 3.71873e+19 3.71873e+19
45.125 3.95857e+19 3.95857e+19
45.1875 4.21388e+19 4.21388e+19
45.25 4.48565e+19 4.48565e+19
45.3125 4.77495e+19 4.77495e+19
45.375 5.08291e+19 5.08291e+19
45.4375 5.41073e+19 5.41073e+19
45.5 5.75969e+19 5.75969e+19
45.5625 6.13116e+19 6.13116e+19
45.625 6.52658e+19 6.52658e+19
45.6875 6.94751e+19 6.94751e+19
45.75 7.39559e+19 7.39559e+19
45.8125 7.87256e+19 7.87256e+19
45.875 8.3803e+19 8.3803e+19
45.9375 8.92078e+19 8.92078e+19
46 9.49612e+19 9.49612e+19
46.0625 1.01086e+20 1.01086e+20
46.125 1.07605e+20 1.07605e+20
46.1875 1.14545e+20 1.14545e+20
46.25 1.21933e+20 1.21933e+20
46.3125 1.29797e+20 1.29797e+20
46.375 1.38168e+20 1.38168e+20
46.4375 1.47079e+20 1.47079e+20
46.5 1.56565e+20 1.56565e+20
46.5625 1.66662e+20 1.66662e+20
46.625 1.77411e+20 1.77411e+20
46.6875 1.88853e+20 1.88853e+20
46.75 2.01033e+20 2.01033e+20
46.8125 2.13998e+20 2.13998e+20
46.875 2.278e+20 2.278e+20
46.9375 2.42492e+20 2.42492e+20
47 2.58131e+20 2.58131e+20
47.0625 2.74779e+20 2.74779e+20
47.125 2.92501e+20 2.92501e+20
47.1875 3.11366e+20 3.11366e+20
47.25 3.31447e+20 3.31447e+20
47.3125 3.52824e+20 3.52824e+20
47.375 3.75579e+20 3.75579e+20
47.4375 3.99802e+20 3.99802e+20
47.5 4.25587e+20 4.25587e+20
47.5625 4.53035e+20 4.53035e+20
47.625 4.82253e+20 4.82253e+20
47.6875 5.13355e+20 5.13355e+20
47.75 5.46464e+20 5.46464e+20
47.8125 5.81708e+20 5.81708e+20
47.875 6.19225e+20 6.19225e+20
47.9375 6.59161e+20 6.59161e+20
48 7.01674e+20 7.01674e+20
48.0625 7.46928e+20 7.46928e+20
48.125 7.951e+20 7.951e+20
48.1875 8.4638e+20 8.4638e+20
48.25 9.00967e+20 9.00967e+20
48.3125 9.59074e+20 9.59074e+20
48.375 1.02093e+21 1.02093e+21
48.4375 1.08677e+21 1.08677e+21
48.5 1.15686e+21 1.15686e+21
48.5625 1.23148e+21 1.23148e+21
48.625 1.3109e+21 1.3109e+21
48.6875 1.39544e+21 1.39544e+21
48.75 1.48544e+21 1.48544e+21
48.8125 1.58125e+21 1.58125e+21
48.875 1.68323e+21 1.68323e+21
48.9375 1.79179e+21 1.79179e+21
49 1.90735e+21 1.90735e+21
49.0625 2.03036e+21 2.03036e+21
49.125 2.16131e+21 2.16131e+21
49.1875 2.3007e+21 2.3007e+21
49.25 2.44908e+21 2.44908e+21
49.3125 2.60703e+21 2.60703e+21
49.375 2.77517e+21 2.77517e+21
49.4375 2.95416e+21 2.95416e+21
49.5 3.14468e+21 3.14468e+21
49.5625 3.3475e+21 3.3475e+21
49.625 3.56339e+21 3.56339e+21
49.6875 3.79321e+21 3.79321e+21
49.75 4.03785e+21 4.03785e+21
49.8125 4.29827e+21 4.29827e+21
49.875 4.57549e+21 4.57549e+21
49.9375 4.87058e+21 4.87058e+21
50 5.18471e+21 5.18471e+21
50.0625 5.51909e+21 5.51909e+21
50.125 5.87504e+21 5.87504e+21
50.1875 6.25395e+21 6.25395e+21
50.25 6.65729e+21 6.65729e+21
50.3125 7.08665e+21 7.08665e+21
50.375 7.5437e+21 7.5437e+21
50.4375 8.03023e+21 8.03023e+21
50.5 8.54813e+21 8.54813e+21
50.5625 9.09944e+21 9.09944e+21
50.625 9.68631e+21 9.68631e+21
50.6875 1.0311e+22 1.0311e+22
50.75 1.0976e+22 1.0976e+22
50.8125 1.16839e+22 1.16839e+22
50.875 1.24375e+22 1.24375e+22
50.9375 1.32396e+22 1.32396e+22
51 1.40935e+22 1.40935e+22
51.0625 1.50024e+22 1.50024e+22
51.125 1.597e+22 1.597e+22
51.1875 1.7e+22 1.7e+22
51.25 1.80964e+22 1.80964e+22
51.3125 1.92635e+22 1.92635e+22
51.375 2.05059e+22 2.05059e+22
51.4375 2.18284e+22 2.18284e+22
51.5 2.32362e+22 2.32362e+22
51.5625 2.47348e+22 2.47348e+22
51.625 2.63301e+22 2.63301e+22
51.6875 2.80283e+22 2.80283e+22
51.75 2.98359e+22 2.98359e+22
51.8125 3.17602e+22 3.17602e+22
51.875 3.38085e+22 3.38085e+22
51.9375 3.5989e+22 3.5989e+22
52 3.83101e+22 3.83101e+22
52.0625 4.07809e+22 4.07809e+22
52.125 4.3411e+22 4.3411e+22
52.1875 4.62108e+22 4.62108e+22
52.25 4.91911e+22 4.91911e+22
52.3125 5.23637e+22 5.23637e+22
52.375 5.57408e+22 5.57408e+22
52.4375 5.93358e+22 5.93358e+22
52.5 6.31626e+22 6.31626e+22
52.5625 6.72363e+22 6.72363e+22
52.625 7.15727e+22 7.15727e+22
52.6875 7.61887e+22 7.61887e+22
52.75 8.11024e+22 8.11024e+22
52.8125 8.63331e+22 8.63331e+22
52.875 9.19011e+22 9.19011e+22
52.9375 9.78282e+22 9.78282e+22
53 1.04138e+23 1.04138e+23
53.0625 1.10854e+23 1.10854e+23
53.125 1.18003e+23 1.18003e+23
53.1875 1.25614e+23 1.25614e+23
53.25 1.33715e+23 1.33715e+23
53.3125 1.42339e+23 1.42339e+23
53.375 1.51519e+23 1.51519e+23
53.4375 1.61291e+23 1.61291e+23
53.5 1.71694e+23 1.71694e+23
53.5625 1.82767e+23 1.82767e+23
53.625 1.94555e+23 1.94555e+23
53.6875 2.07102e+23 2.07102e+23
53.75 2.20459e+23 2.20459e+23
53.8125 2.34678e+23 2.34678e+23
53.875 2.49813e+23 2.49813e+23
53.9375 2.65925e+23 2.65925e+23
54 2.83075e+23 2.83075e+23
54.0625 3.01332e+23 3.01332e+23
54.125 3.20766e+23 3.20766e+23
54.1875 3.41454e+23 3.41454e+23
54.25 3.63476e+23 3.63476e+23
54.3125 3.86918e+23 3.86918e+23
54.375 4.11872e+23 4.11872e+23
54.4375 4.38436e+23 4.38436e+23
54.5 4.66712e+23 4.66712e+23
54.5625 4.96813e+23 4.96813e+23
54.625 5.28854e+23 5.28854e+23
54.6875 5.62963e+23 5.62963e+23
54.75 5.9927e+23 5.9927e+23
54.8125 6.3792e+23 6.3792e+23
54.875 6.79062e+23 6.79062e+23
54.9375 7.22858e+23 7.22858e+23
55 7.69479e+23 7.69479e+23
55.0625 8.19106e+23 8.19106e+23
55.125 8.71933e+23 8.71933e+23
55.1875 9.28168e+23 9.28168e+23
55.25 9.8803e+23 9.8803e+23
55.3125 1.05175e+24 1.05175e+24
55.375 1.11958e+24 1.11958e+24
55.4375 1.19179e+24 1.19179e+24
55.5 1.26866e+24 1.26866e+24
55.5625 1.35048e+24 1.35048e+24
55.625 1.43758e+24 1.43758e+24
55.6875 1.53029e+24 1.53029e+24
55.75 1.62899e+24 1.62899e+24
55.8125 1.73405e+24 1.73405e+24
55.875 1.84588e+24 1.84588e+24
55.9375 1.96493e+24 1.96493e+24
56 2.09166e+24 2.09166e+24
56.0625 2.22656e+24 2.22656e+24
56.125 2.37016e+24 2.37016e+24
56.1875 2.52302e+24 2.52302e+24
56.25 2.68574e+24 2.68574e+24
56.3125 2.85896e+24 2.85896e+24
56.375 3.04335e+24 3.04335e+24
56.4375 3.23963e+24 3.23963e+24
56.5 3.44856e+24 3.44856e+24
56.5625 3.67098e+24 3.67098e+24
56.625 3.90773e+24 3.90773e+24
56.6875 4.15976e+24 4.15976e+24
56.75 4.42804e+24 4.42804e+24
56.8125 4.71363e+24 4.71363e+24
56.875 5.01763e+24 5.01763e+24
56.9375 5.34124e+24 5.34124e+24
57 5.68572e+24 5.68572e+24
57.0625 6.05242e+24 6.05242e+24
57.125 6.44276e+24 6.44276e+24
57.1875 6.85829e+24 6.85829e+24
57.25 7.30061e+24 7.30061e+24
57.3125 7.77146e+24 7.77146e+24
57.375 8.27267e+24 8.27267e+24
57.4375 8.80622e+24 8.80622e+24
57.5 9.37417e+24 9.37417e+24
57.5625 9.97875e+24 9.97875e+24
57.625 1.06223e+25 1.06223e+25
57.6875 1.13074e+25 1.13074e+25
57.75 1.20367e+25 1.20367e+25
57.8125 1.2813e+25 1.2813e+25
57.875 1.36393e+25 1.36393e+25
57.9375 1.4519e+25 1.4519e+25
58 1.54554e+25 1.54554e+25
58.0625 1.64522e+25 1.64522e+25
58.125 1.75133e+25 1.75133e+25
58.1875 1.86428e+25 1.86428e+25
58.25 1.98451e+25 1.98451e+25
58.3125 2.1125e+25 2.1125e+25
58.375 2.24875e+25 2.24875e+25
58.4375 2.39378e+25 2.39378e+25
58.5 2.54816e+25 2.54816e+25
58.5625 2.71251e+25 2.71251e+25
58.625 2.88745e+25 2.88745e+25
58.6875 3.07367e+25 3.07367e+25
58.75 3.27191e+25 3.27191e+25
58.8125 3.48293e+25 3.48293e+25
58.875 3.70756e+25 3.70756e+25
58.9375 3.94667e+25 3.94667e+25
59 4.20121e+25 4.20121e+25
59.0625 4.47217e+25 4.47217e+25
59.125 4.7606e+25 4.7606e+25
59.1875 5.06763e+25 5.06763e+25
59.25 5.39446e+25 5.39446e+25
59.3125 5.74237e+25 5.74237e+25
59.375 6.11273e+25 6.11273e+25
59.4375 6.50696e+25 6.50696e+25
59.5 6.92662e+25 6.92662e+25
59.5625 7.37335e+25 7.37335e+25
59.625 7.84889e+25 7.84889e+25
59.6875 8.3551e+25 8.3551e+25
59.75 8.89396e+25 8.89396e+25
59.8125 9.46757e+25 9.46757e+25
59.875 1.00782e+26 1.00782e+26
59.9375 1.07282e+26 1.07282e+26
60 1.14201e+26 1.14201e+26
60.0625 1.21566e+26 1.21566e+26
60.125 1.29406e+26 1.29406e+26
60.1875 1.37752e+26 1.37752e+26
60.25 1.46637e+26 1.46637e+26
60.3125 1.56094e+26 1.56094e+26
60.375 1.66161e+26 1.66161e+26
60.4375 1.76878e+26 1.76878e+26
60.5 1.88285e+26 1.88285e+26
60.5625 2.00429e+26 2.00429e+26
60.625 2.13355e+26 2.13355e+26
60.6875 2.27115e+26 2.27115e+26
60.75 2.41763e+26 2.41763e+26
60.8125 2.57355e+26 2.57355e+26
60.875 2.73953e+26 2.73953e+26
60.9375 2.91622e+26 2.91622e+26
61 3.1043e+26 3.1043e+26
61.0625 3.30451e+26 3.30451e+26
61.125 3.51763e+26 3.51763e+26
61.1875 3.7445e+26 3.7445e+26
61.25 3.986e+26 3.986e+26
61.3125 4.24307e+26 4.24307e+26
61.375 4.51673e+26 4.51673e+26
61.4375 4.80803e+26 4.80803e+26
61.5 5.11812e+26 5.11812e+26
61.5625 5.44821e+26 5.44821e+26
61.625 5.79959e+26 5.79959e+26
61.6875 6.17363e+26 6.17363e+26
61.75 6.5718e+26 6.5718e+26
61.8125 6.99564e+26 6.99564e+26
61.875 7.44682e+26 7.44682e+26
61.9375 7.9271e+26 7.9271e+26
62 8.43836e+26 8.43836e+26
62.0625 8.98258e+26 8.98258e+26
62.125 9.56191e+26 9.56191e+26
62.1875 1.01786e+27 1.01786e+27
62.25 1.08351e+27 1.08351e+27
62.3125 1.15339e+27 1.15339e+27
62.375 1.22777e+27 1.22777e+27
62.4375 1.30696e+27 1.30696e+27
62.5 1.39125e+27 1.39125e+27
62.5625 1.48098e+27 1.48098e+27
62.625 1.57649e+27 1.57649e+27
62.6875 1.67817e+27 1.67817e+27
62.75 1.7864e+27 1.7864e+27
62.8125 1.90161e+27 1.90161e+27
62.875 2.02426e+27 2.02426e+27
62.9375 2.15481e+27 2.15481e+27
63 2.29378e+27 2.29378e+27
63.0625 2.44172e+27 2.44172e+27
63.125 2.5992e+27 2.5992e+27
63.1875 2.76683e+27 2.76683e+27
63.25 2.94528e+27 2.94528e+27
63.3125 3.13523e+27 3.13523e+27
63.375 3.33743e+27 3.33743e+27
63.4375 3.55268e+27 3.55268e+27
63.5 3.78181e+27 3.78181e+27
63.5625 4.02571e+27 4.02571e+27
63.625 4.28535e+27 4.28535e+27
63.6875 4.56173e+27 4.56173e+27
63.75 4.85594e+27 4.85594e+27
63.8125 5.16912e+27 5.16912e+27
63.875 5.5025e+27 5.5025e+27
63.9375 5.85738e+27 5.85738e+27
64 6.23515e+27 6.23515e+27
64.0625 6.63728e+27 6.63728e+27
64.125 7.06535e+27 7.06535e+27
64.1875 7.52103e+27 7.52103e+27
64.25 8.00609e+27 8.00609e+27
64.3125 8.52244e+27 8.52244e+27
64.375 9.07209e+27 9.07209e+27
64.4375 9.65719e+27 9.65719e+27
64.5 1.028e+28 1.028e+28
64.5625 1.0943e+28 1.0943e+28
64.625 1.16488e+28 1.16488e+28
64.6875 1.24001e+28 1.24001e+28
64.75 1.31998e+28 1.31998e+28
64.8125 1.40511e+28 1.40511e+28
64.875 1.49573e+28 1.49573e+28
64.9375 1.5922e+28 1.5922e+28
65 1.69489e+28 1.69489e+28
65.0625 1.8042e+28 1.8042e+28
65.125 1.92056e+28 1.92056e+28
65.1875 2.04443e+28 2.04443e+28
65.25 2.17628e+28 2.17628e+28
65.3125 2.31664e+28 2.31664e+28
65.375 2.46605e+28 2.46605e+28
65.4375 2.6251e+28 2.6251e+28
65.5 2.7944e+28 2.7944e+28
65.5625 2.97462e+28 2.97462e+28
65.625 3.16647e+28 3.16647e+28
65.6875 3.37069e+28 3.37069e+28
65.75 3.58808e+28 3.58808e+28
65.8125 3.81949e+28 3.81949e+28
65.875 4.06583e+28 4.06583e+28
65.9375 4.32805e+28 4.32805e+28
66 4.60719e+28 4.60719e+28
66.0625 4.90432e+28 4.90432e+28
66.125 5.22063e+28 5.22063e+28
66.1875 5.55733e+28 5.55733e+28
66.25 5.91574e+28 5.91574e+28
66.3125 6.29728e+28 6.29728e+28
66.375 6.70342e+28 6.70342e+28
66.4375 7.13575e+28 7.13575e+28
66.5 7.59597e+28 7.59597e+28
66.5625 8.08586e+28 8.08586e+28
66.625 8.60736e+28 8.60736e+28
66.6875 9.16248e+28 9.16248e+28
66.75 9.75341e+28 9.75341e+28
66.8125 1.03825e+29 1.03825e+29
66.875 1.10521e+29 1.10521e+29
66.9375 1.17649e+29 1.17649e+29
67 1.25236e+29 1.25236e+29
67.0625 1.33313e+29 1.33313e+29
67.125 1.41911e+29 1.41911e+29
67.1875 1.51064e+29 1.51064e+29
67.25 1.60807e+29 1.60807e+29
67.3125 1.71178e+29 1.71178e+29
67.375 1.82218e+29 1.82218e+29
67.4375 1.9397e+29 1.9397e+29
67.5 2.0648e+29 2.0648e+29
67.5625 2.19797e+29 2.19797e+29
67.625 2.33972e+29 2.33972e+29
67.6875 2.49062e+29 2.49062e+29
67.75 2.65125e+29 2.65125e+29
67.8125 2.82224e+29 2.82224e+29
67.875 3.00426e+29 3.00426e+29
67.9375 3.19802e+29 3.19802e+29
68 3.40428e+29 3.40428e+29
68.0625 3.62383e+29 3.62383e+29
68.125 3.85755e+29 3.85755e+29
68.1875 4.10634e+29 4.10634e+29
68.25 4.37118e+29 4.37118e+29
68.3125 4.65309e+29 4.65309e+29
68.375 4.95319e+29 4.95319e+29
68.4375 5.27265e+29 5.27265e+29
68.5 5.6127e+29 5.6127e+29
68.5625 5.97469e+29 5.97469e+29
68.625 6.36002e+29 6.36002e+29
68.6875 6.77021e+29 6.77021e+29
68.75 7.20685e+29 7.20685e+29
68.8125 7.67165e+29 7.67165e+29
68.875 8.16643e+29 8.16643e+29
68.9375 8.69312e+29 8.69312e+29
69 9.25378e+29 9.25378e+29
69.0625 9.8506e+29 9.8506e+29
69.125 1.04859e+30 1.04859e+30
69.1875 1.11622e+30 1.11622e+30
69.25 1.18821e+30 1.18821e+30
69.3125 1.26484e+30 1.26484e+30
69.375 1.34642e+30 1.34642e+30
69.4375 1.43325e+30 1.43325e+30
69.5 1.52569e+30 1.52569e+30
69.5625 1.62409e+30 1.62409e+30
69.625 1.72883e+30 1.72883e+30
69.6875 1.84033e+30 1.84033e+30
69.75 1.95903e+30 1.95903e+30
69.8125 2.08537e+30 2.08537e+30
69.875 2.21987e+30 2.21987e+30
69.9375 2.36304e+30 2.36304e+30
70 2.51544e+30 2.51544e+30
70.0625 2.67767e+30 2.67767e+30
70.125 2.85037e+30 2.85037e+30
70.1875 3.0342e+30 3.0342e+30
70.25 3.22989e+30 3.22989e+30
70.3125 3.4382e+30 3.4382e+30
70.375 3.65994e+30 3.65994e+30
70.4375 3.89599e+30 3.89599e+30
70.5 4.14726e+30 4.14726e+30
70.5625 4.41473e+30 4.41473e+30
70.625 4.69946e+30 4.69946e+30
70.6875 5.00255e+30 5.00255e+30
70.75 5.32518e+30 5.32518e+30
70.8125 5.66863e+30 5.66863e+30
70.875 6.03422e+30 6.03422e+30
70.9375 6.4234e+30 6.4234e+30
71 6.83767e+30 6.83767e+30
71.0625 7.27866e+30 7.27866e+30
71.125 7.7481e+30 7.7481e+30
71.1875 8.24781e+30 8.24781e+30
71.25 8.77974e+30 8.77974e+30
71.3125 9.34599e+30 9.34599e+30
71.375 9.94875e+30 9.94875e+30
71.4375 1.05904e+31 1.05904e+31
71.5 1.12734e+31 1.12734e+31
71.5625 1.20005e+31 1.20005e+31
71.625 1.27745e+31 1.27745e+31
71.6875 1.35983e+31 1.35983e+31
71.75 1.44754e+31 1.44754e+31
71.8125 1.54089e+31 1.54089e+31
71.875 1.64027e+31 1.64027e+31
71.9375 1.74606e+31 1.74606e+31
72 1.85867e+31 1.85867e+31
72.0625 1.97855e+31 1.97855e+31
72.125 2.10615e+31 2.10615e+31
72.1875 2.24199e+31 2.24199e+31
72.25 2.38658e+31 2.38658e+31
72.3125 2.5405e+31 2.5405e+31
72.375 2.70435e+31 2.70435e+31
72.4375 2.87877e+31 2.87877e+31
72.5 3.06443e+31 3.06443e+31
72.5625 3.26207e+31 3.26207e+31
72.625 3.47246e+31 3.47246e+31
72.6875 3.69641e+31 3.69641e+31
72.75 3.93481e+31 3.93481e+31
72.8125 4.18858e+31 4.18858e+31
72.875 4.45872e+31 4.45872e+31
72.9375 4.74628e+31 4.74628e+31
73 5.05239e+31 5.05239e+31
73.0625 5.37825e+31 5.37825e+31
73.125 5.72511e+31 5.72511e+31
73.1875 6.09435e+31 6.09435e+31
73.25 6.4874e+31 6.4874e+31
73.3125 6.9058e+31 6.9058e+31
73.375 7.35119e+31 7.35119e+31
73.4375 7.8253e+31 7.8253e+31
73.5 8.32999e+31 8.32999e+31
73.5625 8.86723e+31 8.86723e+31
73.625 9.43911e+31 9.43911e+31
73.6875 1.00479e+32 1.00479e+32
73.75 1.06959e+32 1.06959e+32
73.8125 1.13857e+32 1.13857e+32
73.875 1.21201e+32 1.21201e+32
73.9375 1.29017e+32 1.29017e+32
74 1.37338e+32 1.37338e+32
74.0625 1.46196e+32 1.46196e+32
74.125 1.55625e+32 1.55625e+32
74.1875 1.65662e+32 1.65662e+32
74.25 1.76346e+32 1.76346e+32
74.3125 1.87719e+32 1.87719e+32
74.375 1.99826e+32 1.99826e+32
74.4375 2.12714e+32 2.12714e+32
74.5 2.26433e+32 2.26433e+32
74.5625 2.41036e+32 2.41036e+32
74.625 2.56582e+32 2.56582e+32
74.6875 2.7313e+32 2.7313e+32
74.75 2.90745e+32 2.90745e+32
74.8125 3.09497e+32 3.09497e+32
74.875 3.29457e+32 3.29457e+32
74.9375 3.50706e+32 3.50706e+32
75 3.73324e+32 3.73324e+32
75.0625 3.97402e+32 3.97402e+32
75.125 4.23032e+32 4.23032e+32
75.1875 4.50315e+32 4.50315e+32
75.25 4.79358e+32 4.79358e+32
75.3125 5.10274e+32 5.10274e+32
75.375 5.43184e+32 5.43184e+32
75.4375 5.78216e+32 5.78216e+32
75.5 6.15508e+32 6.15508e+32
75.5625 6.55204e+32 6.55204e+32
75.625 6.97461e+32 6.97461e+32
75.6875 7.42444e+32 7.42444e+32
75.75 7.90327e+32 7.90327e+32
75.8125 8.41299e+32 8.41299e+32
75.875 8.95558e+32 8.95558e+32
75.9375 9.53317e+32 9.53317e+32
76 1.0148e+33 1.0148e+33
76.0625 1.08025e+33 1.08025e+33
76.125 1.14992e+33 1.14992e+33
76.1875 1.22408e+33 1.22408e+33
76.25 1.30303e+33 1.30303e+33
76.3125 1.38707e+33 1.38707e+33
76.375 1.47653e+33 1.47653e+33
76.4375 1.57175e+33 1.57175e+33
76.5 1.67312e+33 1.67312e+33
76.5625 1.78103e+33 1.78103e+33
76.625 1.8959e+33 1.8959e+33
76.6875 2.01817e+33 2.01817e+33
76.75 2.14833e+33 2.14833e+33
76.8125 2.28689e+33 2.28689e+33
76.875 2.43438e+33 2.43438e+33
76.9375 2.59138e+33 2.59138e+33
77 2.75851e+33 2.75851e+33
77.0625 2.93642e+33 2.93642e+33
77.125 3.12581e+33 3.12581e+33
77.1875 3.3274e+33 3.3274e+33
77.25 3.542e+33 3.542e+33
77.3125 3.77044e+33 3.77044e+33
77.375 4.01361e+33 4.01361e+33
77.4375 4.27247e+33 4.27247e+33
77.5 4.54802e+33 4.54802e+33
77.5625 4.84134e+33 4.84134e+33
77.625 5.15358e+33 5.15358e+33
77.6875 5.48596e+33 5.48596e+33
77.75 5.83977e+33 5.83977e+33
77.8125 6.21641e+33 6.21641e+33
77.875 6.61733e+33 6.61733e+33
77.9375 7.04411e+33 7.04411e+33
78 7.49842e+33 7.49842e+33
78.0625 7.98202e+33 7.98202e+33
78.125 8.49682e+33 8.49682e+33
78.1875 9.04482e+33 9.04482e+33
78.25 9.62816e+33 9.62816e+33
78.3125 1.02491e+34 1.02491e+34
78.375 1.09101e+34 1.09101e+34
78.4375 1.16138e+34 1.16138e+34
78.5 1.23628e+34 1.23628e+34
78.5625 1.31601e+34 1.31601e+34
78.625 1.40089e+34 1.40089e+34
78.6875 1.49124e+34 1.49124e+34
78.75 1.58741e+34 1.58741e+34
78.8125 1.68979e+34 1.68979e+34
78.875 1.79878e+34 1.79878e+34
78.9375 1.91479e+34 1.91479e+34
79 2.03828e+34 2.03828e+34
79.0625 2.16974e+34 2.16974e+34
79.125 2.30968e+34 2.30968e+34
79.1875 2.45864e+34 2.45864e+34
79.25 2.6172e+34 2.6172e+34
79.3125 2.786e+34 2.786e+34
79.375 2.96568e+34 2.96568e+34
79.4375 3.15695e+34 3.15695e+34
79.5 3.36056e+34 3.36056e+34
79.5625 3.57729e+34 3.57729e+34
79.625 3.80801e+34 3.80801e+34
79.6875 4.05361e+34 4.05361e+34
79.75 4.31504e+34 4.31504e+34
79.8125 4.59334e+34 4.59334e+34
79.875 4.88958e+34 4.88958e+34
79.9375 5.20493e+34 5.20493e+34
80 5.54062e+34 5.54062e+34
80.0625 5.89796e+34 5.89796e+34
80.125 6.27835e+34 6.27835e+34
80.1875 6.68327e+34 6.68327e+34
80.25 7.1143e+34 7.1143e+34
80.3125 7.57313e+34 7.57313e+34
80.375 8.06156e+34 8.06156e+34
80.4375 8.58148e+34 8.58148e+34
80.5 9.13494e+34 9.13494e+34
80.5625 9.7241e+34 9.7241e+34
80.625 1.03512e+35 1.03512e+35
80.6875 1.10188e+35 1.10188e+35
80.75 1.17295e+35 1.17295e+35
80.8125 1.2486e+35 1.2486e+35
80.875 1.32913e+35 1.32913e+35
80.9375 1.41485e+35 1.41485e+35
81 1.5061e+35 1.5061e+35
81.0625 1.60323e+35 1.60323e+35
81.125 1.70663e+35 1.70663e+35
81.1875 1.8167e+35 1.8167e+35
81.25 1.93387e+35 1.93387e+35
81.3125 2.05859e+35 2.05859e+35
81.375 2.19136e+35 2.19136e+35
81.4375 2.33269e+35 2.33269e+35
81.5 2.48313e+35 2.48313e+35
81.5625 2.64328e+35 2.64328e+35
81.625 2.81376e+35 2.81376e+35
81.6875 2.99523e+35 2.99523e+35
81.75 3.18841e+35 3.18841e+35
81.8125 3.39404e+35 3.39404e+35
81.875 3.61294e+35 3.61294e+35
81.9375 3.84595e+35 3.84595e+35
82 4.094e+35 4.094e+35
82.0625 4.35804e+35 4.35804e+35
82.125 4.63911e+35 4.63911e+35
82.1875 4.9383e+35 4.9383e+35
82.25 5.2568e+35 5.2568e+35
82.3125 5.59583e+35 5.59583e+35
82.375 5.95673e+35 5.95673e+35
82.4375 6.34091e+35 6.34091e+35
82.5 6.74986e+35 6.74986e+35
82.5625 7.18519e+35 7.18519e+35
82.625 7.64859e+35 7.64859e+35
82.6875 8.14189e+35 8.14189e+35
82.75 8.66699e+35 8.66699e+35
82.8125 9.22596e+35 9.22596e+35
82.875 9.82099e+35 9.82099e+35
82.9375 1.04544e+36 1.04544e+36
83 1.11286e+36 1.11286e+36
83.0625 1.18464e+36 1.18464e+36
83.125 1.26104e+36 1.26104e+36
83.1875 1.34237e+36 1.34237e+36
83.25 1.42895e+36 1.42895e+36
83.3125 1.5211e+36 1.5211e+36
83.375 1.61921e+36 1.61921e+36
83.4375 1.72364e+36 1.72364e+36
83.5 1.8348e+36 1.8348e+36
83.5625 1.95314e+36 1.95314e+36
83.625 2.0791e+36 2.0791e+36
83.6875 2.21319e+36 2.21319e+36
83.75 2.35593e+36 2.35593e+36
83.8125 2.50788e+36 2.50788e+36
83.875 2.66962e+36 2.66962e+36
83.9375 2.8418e+36 2.8418e+36
84 3.02508e+36 3.02508e+36
84.0625 3.22018e+36 3.22018e+36
84.125 3.42786e+36 3.42786e+36
84.1875 3.64894e+36 3.64894e+36
84.25 3.88428e+36 3.88428e+36
84.3125 4.13479e+36 4.13479e+36
84.375 4.40146e+36 4.40146e+36
84.4375 4.68533e+36 4.68533e+36
84.5 4.98751e+36 4.98751e+36
84.5625 5.30918e+36 5.30918e+36
84.625 5.65159e+36 5.65159e+36
84.6875 6.01608e+36 6.01608e+36
84.75 6.40409e+36 6.40409e+36
84.8125 6.81712e+36 6.81712e+36
84.875 7.25678e+36 7.25678e+36
84.9375 7.72481e+36 7.72481e+36
85 8.22301e+36 8.22301e+36
85.0625 8.75335e+36 8.75335e+36
85.125 9.31789e+36 9.31789e+36
85.1875 9.91885e+36 9.91885e+36
85.25 1.05586e+37 1.05586e+37
85.3125 1.12395e+37 1.12395e+37
85.375 1.19644e+37 1.19644e+37
85.4375 1.27361e+37 1.27361e+37
85.5 1.35575e+37 1.35575e+37
85.5625 1.44318e+37 1.44318e+37
85.625 1.53626e+37 1.53626e+37
85.6875 1.63534e+37 1.63534e+37
85.75 1.74081e+37 1.74081e+37
85.8125 1.85308e+37 1.85308e+37
85.875 1.9726e+37 1.9726e+37
85.9375 2.09982e+37 2.09982e+37
86 2.23525e+37 2.23525e+37
86.0625 2.37941e+37 2.37941e+37
86.125 2.53287e+37 2.53287e+37
86.1875 2.69622e+37 2.69622e+37
86.25 2.87011e+37 2.87011e+37
86.3125 3.05522e+37 3.05522e+37
86.375 3.25226e+37 3.25226e+37
86.4375 3.46202e+37 3.46202e+37
86.5 3.6853e+37 3.6853e+37
86.5625 3.92298e+37 3.92298e+37
86.625 4.17599e+37 4.17599e+37
86.6875 4.44532e+37 4.44532e+37
86.75 4.73202e+37 4.73202e+37
86.8125 5.03721e+37 5.03721e+37
86.875 5.36208e+37 5.36208e+37
86.9375 5.7079e+37 5.7079e+37
87 6.07603e+37 6.07603e+37
87.0625 6.4679e+37 6.4679e+37
87.125 6.88504e+37 6.88504e+37
87.1875 7.32909e+37 7.32909e+37
87.25 7.80178e+37 7.80178e+37
87.3125 8.30495e+37 8.30495e+37
87.375 8.84057e+37 8.84057e+37
87.4375 9.41074e+37 9.41074e+37
87.5 1.00177e+38 1.00177e+38
87.5625 1.06638e+38 1.06638e+38
87.625 1.13515e+38 1.13515e+38
87.6875 1.20836e+38 1.20836e+38
87.75 1.2863e+38 1.2863e+38
87.8125 1.36925e+38 1.36925e+38
87.875 1.45756e+38 1.45756e+38
87.9375 1.55157e+38 1.55157e+38
88 1.65164e+38 1.65164e+38
88.0625 1.75816e+38 1.75816e+38
88.125 1.87155e+38 1.87155e+38
88.1875 1.99225e+38 1.99225e+38
88.25 2.12074e+38 2.12074e+38
88.3125 2.25752e+38 2.25752e+38
88.375 2.40312e+38 2.40312e+38
88.4375 2.5581e+38 2.5581e+38
88.5 2.72309e+38 2.72309e+38
88.5625 2.89871e+38 2.89871e+38
88.625 3.08566e+38 3.08566e+38
88.6875 3.28467e+38 3.28467e+38
88.75 3.49651e+38 3.49651e+38
88.8125 3.72202e+38 3.72202e+38
88.875 3.96207e+38 3.96207e+38
88.9375 4.2176e+38 4.2176e+38
89 4.48961e+38 4.48961e+38
89.0625 4.77917e+38 4.77917e+38
89.125 5.0874e+38 5.0874e+38
89.1875 5.41551e+38 5.41551e+38
89.25 5.76478e+38 5.76478e+38
89.3125 6.13657e+38 6.13657e+38
89.375 6.53235e+38 6.53235e+38
89.4375 6.95365e+38 6.95365e+38
89.5 7.40212e+38 7.40212e+38
89.5625 7.87952e+38 7.87952e+38
89.625 8.3877e+38 8.3877e+38
89.6875 8.92866e+38 8.92866e+38
89.75 9.50451e+38 9.50451e+38
89.8125 1.01175e+39 1.01175e+39
89.875 1.077e+39 1.077e+39
89.9375 1.14646e+39 1.14646e+39
90 1.2204e+39 1.2204e+39
90.0625 1.29911e+39 1.29911e+39
90.125 1.3829e+39 1.3829e+39
90.1875 1.47209e+39 1.47209e+39
90.25 1.56703e+39 1.56703e+39
90.3125 1.66809e+39 1.66809e+39
90.375 1.77568e+39 1.77568e+39
90.4375 1.8902e+39 1.8902e+39
90.5 2.0121e+39 2.0121e+39
90.5625 2.14187e+39 2.14187e+39
90.625 2.28001e+39 2.28001e+39
90.6875 2.42706e+39 2.42706e+39
90.75 2.58359e+39 2.58359e+39
90.8125 2.75022e+39 2.75022e+39
90.875 2.9276e+39 2.9276e+39
90.9375 3.11641e+39 3.11641e+39
91 3.3174e+39 3.3174e+39
91.0625 3.53135e+39 3.53135e+39
91.125 3.75911e+39 3.75911e+39
91.1875 4.00155e+39 4.00155e+39
91.25 4.25963e+39 4.25963e+39
91.3125 4.53435e+39 4.53435e+39
91.375 4.82679e+39 4.82679e+39
91.4375 5.13809e+39 5.13809e+39
91.5 5.46947e+39 5.46947e+39
91.5625 5.82222e+39 5.82222e+39
91.625 6.19772e+39 6.19772e+39
91.6875 6.59744e+39 6.59744e+39
91.75 7.02294e+39 7.02294e+39
91.8125 7.47588e+39 7.47588e+39
91.875 7.95803e+39 7.95803e+39
91.9375 8.47128e+39 8.47128e+39
92 9.01763e+39 9.01763e+39
92.0625 9.59922e+39 9.59922e+39
92.125 1.02183e+40 1.02183e+40
92.1875 1.08773e+40 1.08773e+40
92.25 1.15789e+40 1.15789e+40
92.3125 1.23256e+40 1.23256e+40
92.375 1.31206e+40 1.31206e+40
92.4375 1.39668e+40 1.39668e+40
92.5 1.48676e+40 1.48676e+40
92.5625 1.58264e+40 1.58264e+40
92.625 1.68471e+40 1.68471e+40
92.6875 1.79337e+40 1.79337e+40
92.75 1.90903e+40 1.90903e+40
92.8125 2.03215e+40 2.03215e+40
92.875 2.16322e+40 2.16322e+40
92.9375 2.30273e+40 2.30273e+40
93 2.45125e+40 2.45125e+40
93.0625 2.60934e+40 2.60934e+40
93.125 2.77763e+40 2.77763e+40
93.1875 2.95677e+40 2.95677e+40
93.25 3.14746e+40 3.14746e+40
93.3125 3.35046e+40 3.35046e+40
93.375 3.56654e+40 3.56654e+40
93.4375 3.79656e+40 3.79656e+40
93.5 4.04142e+40 4.04142e+40
93.5625 4.30207e+40 4.30207e+40
93.625 4.57953e+40 4.57953e+40
93.6875 4.87488e+40 4.87488e+40
93.75 5.18929e+40 5.18929e+40
93.8125 5.52397e+40 5.52397e+40
93.875 5.88023e+40 5.88023e+40
93.9375 6.25947e+40 6.25947e+40
94 6.66318e+40 6.66318e+40
94.0625 7.09291e+40 7.09291e+40
94.125 7.55037e+40 7.55037e+40
94.1875 8.03732e+40 8.03732e+40
94.25 8.55569e+40 8.55569e+40
94.3125 9.10748e+40 9.10748e+40
94.375 9.69486e+40 9.69486e+40
94.4375 1.03201e+41 1.03201e+41
94.5 1.09857e+41 1.09857e+41
94.5625 1.16942e+41 1.16942e+41
94.625 1.24485e+41 1.24485e+41
94.6875 1.32513e+41 1.32513e+41
94.75 1.41059e+41 1.41059e+41
94.8125 1.50157e+41 1.50157e+41
94.875 1.59841e+41 1.59841e+41
94.9375 1.7015e+41 1.7015e+41
95 1.81124e+41 1.81124e+41
95.0625 1.92805e+41 1.92805e+41
95.125 2.0524e+41 2.0524e+41
95.1875 2.18477e+41 2.18477e+41
95.25 2.32568e+41 2.32568e+41
95.3125 2.47567e+41 2.47567e+41
95.375 2.63534e+41 2.63534e+41
95.4375 2.8053e+41 2.8053e+41
95.5 2.98623e+41 2.98623e+41
95.5625 3.17882e+41 3.17882e+41
95.625 3.38384e+41 3.38384e+41
95.6875 3.60208e+41 3.60208e+41
95.75 3.83439e+41 3.83439e+41
95.8125 4.08169e+41 4.08169e+41
95.875 4.34494e+41 4.34494e+41
95.9375 4.62516e+41 4.62516e+41
96 4.92346e+41 4.92346e+41
96.0625 5.24099e+41 5.24099e+41
96.125 5.57901e+41 5.57901e+41
96.1875 5.93882e+41 5.93882e+41
96.25 6.32185e+41 6.32185e+41
96.3125 6.72957e+41 6.72957e+41
96.375 7.16359e+41 7.16359e+41
96.4375 7.6256e+41 7.6256e+41
96.5 8.11741e+41 8.11741e+41
96.5625 8.64094e+41 8.64094e+41
96.625 9.19823e+41 9.19823e+41
96.6875 9.79147e+41 9.79147e+41
96.75 1.0423e+42 1.0423e+42
96.8125 1.10952e+42 1.10952e+42
96.875 1.18108e+42 1.18108e+42
96.9375 1.25725e+42 1.25725e+42
97 1.33833e+42 1.33833e+42
97.0625 1.42465e+42 1.42465e+42
97.125 1.51653e+42 1.51653e+42
97.1875 1.61434e+42 1.61434e+42
97.25 1.71846e+42 1.71846e+42
97.3125 1.82929e+42 1.82929e+42
97.375 1.94727e+42 1.94727e+42
97.4375 2.07285e+42 2.07285e+42
97.5 2.20654e+42 2.20654e+42
97.5625 2.34885e+42 2.34885e+42
97.625 2.50034e+42 2.50034e+42
97.6875 2.6616e+42 2.6616e+42
97.75 2.83325e+42 2.83325e+42
97.8125 3.01598e+42 3.01598e+42
97.875 3.2105e+42 3.2105e+42
97.9375 3.41756e+42 3.41756e+42
98 3.63797e+42 3.63797e+42
98.0625 3.8726e+42 3.8726e+42
98.125 4.12236e+42 4.12236e+42
98.1875 4.38823e+42 4.38823e+42
98.25 4.67125e+42 4.67125e+42
98.3125 4.97252e+42 4.97252e+42
98.375 5.29322e+42 5.29322e+42
98.4375 5.6346e+42 5.6346e+42
98.5 5.998e+42 5.998e+42
98.5625 6.38484e+42 6.38484e+42
98.625 6.79662e+42 6.79662e+42
98.6875 7.23497e+42 7.23497e+42
98.75 7.70158e+42 7.70158e+42
98.8125 8.19829e+42 8.19829e+42
98.875 8.72704e+42 8.72704e+42
98.9375 9.28988e+42 9.28988e+42
99 9.88903e+42 9.88903e+42
99.0625 1.05268e+43 1.05268e+43
99.125 1.12057e+43 1.12057e+43
99.1875 1.19284e+43 1.19284e+43
99.25 1.26978e+43 1.26978e+43
99.3125 1.35167e+43 1.35167e+43
99.375 1.43885e+43 1.43885e+43
99.4375 1.53164e+43 1.53164e+43
99.5 1.63043e+43 1.63043e+43
99.5625 1.73558e+43 1.73558e+43
99.625 1.84751e+43 1.84751e+43
99.6875 1.96667e+43 1.96667e+43
99.75 2.09351e+43 2.09351e+43
99.8125 2.22853e+43 2.22853e+43
99.875 2.37226e+43 2.37226e+43
99.9375 2.52525e+43 2.52525e+43
100 2.68812e+43 2.68812e+43
