1 140.553 662.766 1505.44 
2 557.37 11658.8 58302.5 
3 5745.82 476038 5.5265e+06 
4 16040.3 9.99902e+06 4.30561e+07 
5 30681.5 4.18177e+07 4.04282e+07 
6 49268.1 5.0227e+07 3.41602e+07 
7 71544 4.7592e+07 2.90778e+07 
8 97327.1 4.39359e+07 2.48582e+07 
9 126479 4.04833e+07 2.13052e+07 
10 3.52337e+06 3.29141e+07 1.61231e+07 
11 4.65253e+07 2.6753e+07 1.22041e+07 
12 5.35691e+07 2.2868e+07 9.71567e+06 
13 4.97163e+07 1.96588e+07 7.77979e+06 
14 4.59481e+07 1.69151e+07 6.23647e+06 
15 4.24869e+07 1.45644e+07 5.00301e+06 
16 3.93072e+07 1.2547e+07 4.0154e+06 
17 3.63822e+07 1.08144e+07 3.22565e+06 
18 3.36882e+07 9.32535e+06 2.59407e+06 
19 3.12049e+07 8.04462e+06 2.08829e+06 
20 2.89137e+07 6.94225e+06 1.6796e+06 
21 2.67984e+07 5.99301e+06 1.35292e+06 
22 2.48446e+07 5.17549e+06 1.09207e+06 
23 2.30381e+07 4.47116e+06 883914 
24 2.1368e+07 3.86444e+06 712735 
25 1.98224e+07 3.33929e+06 575382 
26 1.83921e+07 2.88675e+06 466511 
27 1.70678e+07 2.49709e+06 380491 
28 1.58412e+07 2.16158e+06 311340 
29 1.47048e+07 1.86954e+06 250938 
30 1.36518e+07 1.61794e+06 203736 
31 1.26758e+07 1.40192e+06 167193 
32 1.17708e+07 1.21598e+06 139075 
33 1.09316e+07 1.05197e+06 117423 
34 1.01536e+07 911931 95718.3 
35 9.43118e+06 792322 77600.9 
36 8.7615e+06 688113 63846.7 
37 8.13979e+06 595804 53572.1 
38 7.56293e+06 517832 46402.1 
39 7.02771e+06 451969 41651.9 
40 6.53077e+06 393157 38940.8 
41 6.06913e+06 340597 31099 
42 5.6406e+06 297028 25089.2 
43 5.2429e+06 260946 20876.7 
44 4.87334e+06 228469 17792.7 
45 4.5303e+06 197511 15699.7 
46 4.21157e+06 172613 14702.4 
47 3.91558e+06 152719 14455.4 
48 3.64054e+06 136905 14695.1 
49 3.38515e+06 117825 16596.1 
50 3.14809e+06 102381 15401.9 
51 2.92813e+06 90677.9 12778.9 
52 2.72304e+06 82013.1 11139 
53 2.53188e+06 75878.5 10205.9 
54 2.355e+06 64205.9 7959.8 
55 2.19095e+06 55664.3 6693.98 
56 2.03774e+06 49724 6031.6 
57 1.89623e+06 45950.8 5723.83 
58 1.76479e+06 43997.1 5638.42 
59 1.64081e+06 39690.6 5317.37 
60 1.52747e+06 33379.1 5190.38 
61 1.42055e+06 29125.5 5563.47 
62 1.32305e+06 26671.1 5930.01 
63 1.23029e+06 25730.3 5879.96 
64 1.14637e+06 26127.8 5420.71 
65 1.0658e+06 26598.9 5115.26 
66 993321 21644.5 6614.58 
67 923873 18175.1 9743.52 
68 859945 16143.1 12066.9 
69 801294 15316.5 11883.1 
70 745704 15624.6 11856.8 
71 695241 17036.9 8066.19 
72 647443 19842.2 5370.02 
73 602397 17896.1 6057.24 
74 561713 14626.7 9955.75 
75 524642 12402.7 12619.7 
76 487222 10904.9 11299.9 
77 454013 10363.4 11209.4 
78 424019 10647.7 12252.8 
79 396247 11808.7 13529.3 
80 368186 14427.2 6326.15 
81 342864 18655.5 6083.11 
82 319982 18473.5 6372.35 
83 299203 15638.6 5626.32 
84 280570 13503.2 6009.09 
85 261597 11609.7 8151.99 
86 242818 10154.6 12475.8 
87 226143 9401.46 15873.6 
88 211114 9310.26 14971.1 
89 197743 9909.83 10337 
90 184866 11459.2 6455.2 
91 173147 14172.5 7542.86 
92 163465 17695 12306.6 
93 153097 24029 21395.3 
94 143037 25242.1 24258.4 
95 133574 22691.2 22180.6 
96 125572 20792.5 20808.5 
97 116639 18465.6 18601.4 
98 108609 16521.1 16678.7 
99 101897 15114.5 15383.8 
