1 2.53501 23.2168 92.7173 
2 10.6286 450.325 4299.43 
3 111.377 18792 460981 
4 311.278 436112 8.56283e+06 
5 595.589 3.16459e+06 1.90982e+07 
6 956.519 7.71513e+06 2.57918e+07 
7 1389.1 1.20987e+07 3.09157e+07 
8 1889.79 1.60022e+07 3.51407e+07 
9 2455.9 1.94981e+07 3.86944e+07 
10 70570.3 2.70843e+07 4.38768e+07 
11 1.87835e+06 3.32469e+07 4.77959e+07 
12 6.15049e+06 3.7132e+07 5.02843e+07 
13 1.0272e+07 4.03412e+07 5.22202e+07 
14 1.40484e+07 4.30849e+07 5.37635e+07 
15 1.75112e+07 4.54356e+07 5.4997e+07 
16 2.06916e+07 4.7453e+07 5.59846e+07 
17 2.36171e+07 4.91856e+07 5.67744e+07 
18 2.63114e+07 5.06747e+07 5.74059e+07 
19 2.87949e+07 5.19554e+07 5.79117e+07 
20 3.10862e+07 5.30578e+07 5.83204e+07 
21 3.32016e+07 5.4007e+07 5.86471e+07 
22 3.51554e+07 5.48245e+07 5.89079e+07 
23 3.69619e+07 5.55289e+07 5.91161e+07 
24 3.8632e+07 5.61356e+07 5.92873e+07 
25 4.01776e+07 5.66607e+07 5.94246e+07 
26 4.1608e+07 5.71133e+07 5.95335e+07 
27 4.29322e+07 5.75029e+07 5.96195e+07 
28 4.41588e+07 5.78384e+07 5.96887e+07 
29 4.52952e+07 5.81305e+07 5.97491e+07 
30 4.63482e+07 5.83821e+07 5.97963e+07 
31 4.73242e+07 5.85981e+07 5.98328e+07 
32 4.82292e+07 5.8784e+07 5.98609e+07 
33 4.90684e+07 5.8948e+07 5.98826e+07 
34 4.98465e+07 5.90881e+07 5.99043e+07 
35 5.05688e+07 5.92077e+07 5.99224e+07 
36 5.12385e+07 5.93119e+07 5.99362e+07 
37 5.18602e+07 5.94042e+07 5.99464e+07 
38 5.24371e+07 5.94822e+07 5.99536e+07 
39 5.29723e+07 5.9548e+07 5.99584e+07 
40 5.34692e+07 5.96069e+07 5.99611e+07 
41 5.39309e+07 5.96594e+07 5.99689e+07 
42 5.43594e+07 5.9703e+07 5.99749e+07 
43 5.47571e+07 5.97391e+07 5.99791e+07 
44 5.51267e+07 5.97715e+07 5.99822e+07 
45 5.54697e+07 5.98025e+07 5.99843e+07 
46 5.57884e+07 5.98274e+07 5.99853e+07 
47 5.60844e+07 5.98473e+07 5.99856e+07 
48 5.63595e+07 5.98631e+07 5.99853e+07 
49 5.66149e+07 5.98822e+07 5.99834e+07 
50 5.68519e+07 5.98976e+07 5.99846e+07 
51 5.70719e+07 5.99093e+07 5.99872e+07 
52 5.7277e+07 5.9918e+07 5.99889e+07 
53 5.74681e+07 5.99241e+07 5.99898e+07 
54 5.7645e+07 5.99358e+07 5.99921e+07 
55 5.78091e+07 5.99443e+07 5.99933e+07 
56 5.79623e+07 5.99503e+07 5.9994e+07 
57 5.81038e+07 5.99541e+07 5.99943e+07 
58 5.82352e+07 5.9956e+07 5.99944e+07 
59 5.83592e+07 5.99603e+07 5.99947e+07 
60 5.84725e+07 5.99666e+07 5.99948e+07 
61 5.85795e+07 5.99709e+07 5.99944e+07 
62 5.8677e+07 5.99733e+07 5.99941e+07 
63 5.87697e+07 5.99743e+07 5.99941e+07 
64 5.88536e+07 5.99739e+07 5.99946e+07 
65 5.89342e+07 5.99734e+07 5.99949e+07 
66 5.90067e+07 5.99784e+07 5.99934e+07 
67 5.90761e+07 5.99818e+07 5.99903e+07 
68 5.91401e+07 5.99839e+07 5.99879e+07 
69 5.91987e+07 5.99847e+07 5.99881e+07 
70 5.92543e+07 5.99844e+07 5.99882e+07 
71 5.93048e+07 5.9983e+07 5.99919e+07 
72 5.93526e+07 5.99802e+07 5.99946e+07 
73 5.93976e+07 5.99821e+07 5.9994e+07 
74 5.94383e+07 5.99854e+07 5.99901e+07 
75 5.94754e+07 5.99876e+07 5.99874e+07 
76 5.95128e+07 5.99891e+07 5.99887e+07 
77 5.9546e+07 5.99896e+07 5.99888e+07 
78 5.9576e+07 5.99894e+07 5.99878e+07 
79 5.96038e+07 5.99882e+07 5.99865e+07 
80 5.96318e+07 5.99856e+07 5.99937e+07 
81 5.96571e+07 5.99814e+07 5.99939e+07 
82 5.968e+07 5.99815e+07 5.99936e+07 
83 5.97008e+07 5.99844e+07 5.99944e+07 
84 5.97194e+07 5.99865e+07 5.9994e+07 
85 5.97384e+07 5.99884e+07 5.99919e+07 
86 5.97572e+07 5.99899e+07 5.99875e+07 
87 5.97739e+07 5.99906e+07 5.99841e+07 
88 5.97889e+07 5.99907e+07 5.9985e+07 
89 5.98023e+07 5.99901e+07 5.99897e+07 
90 5.98151e+07 5.99886e+07 5.99936e+07 
91 5.98269e+07 5.99858e+07 5.99925e+07 
92 5.98365e+07 5.99823e+07 5.99877e+07 
93 5.98469e+07 5.9976e+07 5.99786e+07 
94 5.9857e+07 5.99748e+07 5.99758e+07 
95 5.98664e+07 5.99773e+07 5.99778e+07 
96 5.98744e+07 5.99792e+07 5.99792e+07 
97 5.98834e+07 5.99815e+07 5.99814e+07 
98 5.98914e+07 5.99835e+07 5.99833e+07 
99 5.98981e+07 5.99849e+07 5.99846e+07 
