1 5.99999e+07 5.99993e+07 5.99984e+07 
2 5.99994e+07 5.99879e+07 5.99374e+07 
3 5.99942e+07 5.95052e+07 5.40125e+07 
4 5.99837e+07 4.95649e+07 8.38105e+06 
5 5.99687e+07 1.50177e+07 473593 
6 5.99498e+07 2.05791e+06 48060.7 
7 5.99271e+07 309275 6498.25 
8 5.99008e+07 61928.2 1141.13 
9 5.98711e+07 18647.5 328.995 
10 5.64061e+07 1669.73 47.3407 
11 1.15964e+07 111.96 5.02223 
12 280443 6.82664 0.408926 
13 11706 0.247337 0.0193413 
14 3487.13 0.0747094 0.00752628 
15 1886.96 0.048014 0.00612487 
16 1286.83 0.0416533 0.00660966 
17 756.404 0.033411 0.00648407 
18 403.192 0.0255407 0.00595752 
19 207.824 0.0194126 0.00534847 
20 66.3199 0.00927789 0.00296609 
21 19.9481 0.00421326 0.00154029 
22 8.34667 0.00266754 0.00109984 
23 2.14992 0.00103719 0.000476106 
24 0.845053 0.000611157 0.00030819 
25 0.243851 0.000260095 0.000142639 
26 0.080579 0.000125708 7.42733e-05 
27 0.0287111 6.48009e-05 4.08954e-05 
28 0.0104187 3.35697e-05 2.24465e-05 
29 0.00395928 1.7865e-05 1.25604e-05 
30 0.00153857 9.59512e-06 7.05226e-06 
31 0.000642187 5.46027e-06 4.17289e-06 
32 0.000263137 3.00505e-06 2.37676e-06 
33 0.000114772 1.72822e-06 1.40989e-06 
34 5.39173e-05 1.05699e-06 8.84764e-07 
35 2.38389e-05 6.00556e-07 5.13918e-07 
36 1.17749e-05 3.75458e-07 3.27681e-07 
37 5.85895e-06 2.33003e-07 2.0702e-07 
38 3.02547e-06 1.48356e-07 1.33861e-07 
39 1.64477e-06 9.82966e-08 8.98819e-08 
40 9.15344e-07 6.57999e-08 6.09073e-08 
41 5.1247e-07 4.3785e-08 4.09259e-08 
42 2.97138e-07 2.98888e-08 2.81666e-08 
43 1.78788e-07 2.09732e-08 1.99026e-08 
44 1.09639e-07 1.48441e-08 1.41768e-08 
45 6.91397e-08 1.069e-08 1.0274e-08 
46 4.45496e-08 7.80834e-09 7.5437e-09 
47 2.93102e-08 5.78122e-09 5.60928e-09 
48 1.96878e-08 4.33931e-09 4.22503e-09 
49 1.35088e-08 3.29403e-09 3.222e-09 
50 9.46763e-09 2.53866e-09 2.49088e-09 
51 6.7635e-09 1.98323e-09 1.94977e-09 
52 4.85384e-09 1.54871e-09 1.52491e-09 
53 3.52257e-09 1.2171e-09 1.19976e-09 
54 2.61919e-09 9.71543e-10 9.59676e-10 
55 1.97718e-09 7.84174e-10 7.75827e-10 
56 1.50306e-09 6.35203e-10 6.29166e-10 
57 1.16626e-09 5.2305e-10 5.18472e-10 
58 9.13719e-10 4.33353e-10 4.29735e-10 
59 7.15597e-10 3.57379e-10 3.54704e-10 
60 5.7318e-10 2.99787e-10 2.97945e-10 
61 4.59307e-10 2.51124e-10 2.49834e-10 
62 3.75259e-10 2.13779e-10 2.12812e-10 
63 3.05994e-10 1.81385e-10 1.806e-10 
64 2.54195e-10 1.56283e-10 1.55577e-10 
65 2.10578e-10 1.34091e-10 1.33462e-10 
66 1.77293e-10 1.16243e-10 1.15861e-10 
67 1.4932e-10 1.00739e-10 1.00553e-10 
68 1.26793e-10 8.7866e-11 8.77875e-11 
69 1.08633e-10 7.71926e-11 7.71344e-11 
70 9.33055e-11 6.7928e-11 6.78719e-11 
71 8.08092e-11 6.01697e-11 6.00517e-11 
72 7.02411e-11 5.34625e-11 5.32935e-11 
73 6.12533e-11 4.75016e-11 4.73787e-11 
74 5.37995e-11 4.24039e-11 4.23605e-11 
75 4.75341e-11 3.80364e-11 3.80381e-11 
76 4.19407e-11 3.40881e-11 3.4091e-11 
77 3.72614e-11 3.07176e-11 3.07232e-11 
78 3.32789e-11 2.77977e-11 2.78074e-11 
79 2.98351e-11 2.52365e-11 2.52459e-11 
80 2.67397e-11 2.29219e-11 2.28813e-11 
81 2.40722e-11 2.09022e-11 2.08448e-11 
82 2.17611e-11 1.90829e-11 1.90325e-11 
83 1.97428e-11 1.74486e-11 1.74105e-11 
84 1.7978e-11 1.60033e-11 1.5977e-11 
85 1.63747e-11 1.46848e-11 1.46736e-11 
86 1.49318e-11 1.3492e-11 1.34988e-11 
87 1.36636e-11 1.24319e-11 1.24494e-11 
88 1.25407e-11 1.14846e-11 1.14987e-11 
89 1.15429e-11 1.06352e-11 1.06361e-11 
90 1.06412e-11 9.86616e-12 9.85534e-12 
91 9.8323e-12 9.17358e-12 9.16028e-12 
92 9.11492e-12 8.55327e-12 8.54318e-12 
93 8.4507e-12 7.98785e-12 7.98316e-12 
94 7.84535e-12 7.4522e-12 7.45049e-12 
95 7.29495e-12 6.95035e-12 6.94949e-12 
96 6.79999e-12 6.49606e-12 6.49601e-12 
97 6.33868e-12 6.07286e-12 6.07299e-12 
98 5.91957e-12 5.68639e-12 5.68655e-12 
99 5.54065e-12 5.33473e-12 5.33501e-12 
