    95 0.00181898
    96 0.00194065
    97 0.00207494
    98 0.00222367
    99 0.00238898
   100 0.00257344
   101 0.00278011
   102 0.00301272
   103 0.00327579
   104 0.00357489
   105 0.0039169
   106 0.00431045
   107 0.00476644
   108 0.0052988
   109 0.00592559
   110 0.00667056
   111 0.00756537
   112 0.00865311
   113 0.00999347
   114 0.0116712
   115 0.0138099
   116 0.0165951
   117 0.0203164
   118 0.0254457
   119 0.0327944
   120 0.0438551
   121 0.0616246
   122 0.092869
   123 0.155665
   124 0.312902
   125 0.923069
   126 11.5705
   127 4.87473
   128 0.694695
   129 0.26389
   130 0.137835
   131 0.084486
   132 0.0570349
   133 0.0410752
   134 0.030985
   135 0.0242028
   136 0.0194262
   137 0.0159358
   138 0.0133081
   139 0.0112805
   140 0.0096833
   141 0.00840279
   142 0.00736045
   143 0.00650068
   144 0.00578321
   145 0.00517828
   146 0.00466352
   147 0.00422188
   148 0.00384012
   149 0.0035079
   150 0.003217
   151 0.00296083
   152 0.00273409
   153 0.00253243
   154 0.00235229
   155 0.0021907
   156 0.00204521
   157 0.00191375
   158 0.00179457
   159 0.00168618
   160 0.00158733
   161 0.00149692
   162 0.00141401
   163 0.00133782
   164 0.00126761
   165 0.00120279
   166 0.00114282
   167 0.00108723
   168 0.00103559
   169 0.000987553
