#numerical solution
0.00125377 0.00125216   0.997463
0.00149649 0.00149418   0.996956
0.00174439 0.00174123   0.996442
0.00200602 0.00200182   0.995901
0.00228663 0.00228116   0.995322
0.00258983 0.00258281   0.994699
0.00291838 0.00290945   0.994024
0.00327454 0.00326328   0.993294
0.00366026  0.0036462   0.992504
0.00407737 0.00405991   0.991651
0.00452757 0.00450605   0.990732
0.00501255 0.00498617   0.989744
0.00553396 0.00550182   0.988683
0.00609344  0.0060545   0.987546
0.00669266 0.00664571   0.986331
0.00733329 0.00727696   0.985033
0.00801701 0.00794974   0.983651
0.00874553 0.00866555    0.98218
0.00952058 0.00942588   0.980618
 0.0103439  0.0102322   0.978962
 0.0112173  0.0110861   0.977208
 0.0121426   0.011989   0.975353
 0.0131215  0.0129424   0.973395
  0.014156  0.0139478   0.971329
  0.015248  0.0150066   0.969153
 0.0163993  0.0161205   0.966864
 0.0176119  0.0172907   0.964459
 0.0188879  0.0185189   0.961933
 0.0202291  0.0198064   0.959285
 0.0216378  0.0211548    0.95651
 0.0231159  0.0225654   0.953606
 0.0246657  0.0240398   0.950569
 0.0262892  0.0255792   0.947397
 0.0279889  0.0271852   0.944085
 0.0297668  0.0288591   0.940631
 0.0316254  0.0306023   0.937031
  0.033567  0.0324162   0.933283
 0.0355941  0.0343021   0.929382
 0.0377092  0.0362614   0.925326
 0.0399148  0.0382953   0.921112
 0.0422135  0.0404051   0.916736
 0.0446082  0.0425922   0.912195
 0.0471014  0.0448577   0.907486
 0.0496962  0.0472028   0.902605
 0.0523954  0.0496288    0.89755
  0.055202  0.0521369   0.892317
 0.0581192   0.054728   0.886902
 0.0611502  0.0574034   0.881303
 0.0642983  0.0601642   0.875517
  0.067567  0.0630112    0.86954
 0.0709597  0.0659455   0.863369
 0.0744803  0.0689682      0.857
 0.0781324  0.0720799   0.850431
 0.0819201  0.0752818   0.843659
 0.0858475  0.0785744    0.83668
 0.0899187  0.0819587   0.829491
 0.0941384  0.0854352   0.822088
  0.098511  0.0890047   0.814469
  0.103041  0.0926678   0.806631
  0.107735  0.0964249    0.79857
  0.112596   0.100277   0.790283
  0.117631   0.104223   0.781768
  0.122845   0.108265    0.77302
  0.128244   0.112402   0.764037
  0.133835   0.116635   0.754816
  0.139624   0.120963   0.745353
  0.145618   0.125386   0.735646
  0.151825   0.129905   0.725692
  0.158251   0.134519   0.715487
  0.164906   0.139228   0.705029
  0.171797    0.14403   0.694315
  0.178933   0.148926   0.683342
  0.186325   0.153914   0.672106
  0.193982   0.158994   0.660606
  0.201914   0.164163   0.648839
  0.210133   0.169421   0.636801
  0.218651   0.174765   0.624491
   0.22748   0.180195   0.611907
  0.236633   0.185707   0.599045
  0.246126   0.191299   0.585905
  0.255973   0.196967   0.572483
  0.266189    0.20271    0.55878
  0.276793   0.208523   0.544793
  0.287803   0.214401   0.530521
  0.299237   0.220341   0.515965
  0.311117   0.226336   0.501123
  0.323464   0.232382   0.485998
  0.336302    0.23847   0.470589
  0.349655   0.244595   0.454899
  0.363551   0.250747   0.438932
  0.378018   0.256918    0.42269
  0.393085   0.263097   0.406179
  0.408784   0.269273   0.389407
  0.425148   0.275433   0.372381
  0.442214   0.281563   0.355112
  0.460017   0.287647   0.337613
  0.478598   0.293669   0.319897
  0.497997   0.299609   0.301983
  0.518257   0.305447    0.28389
  0.539422    0.31116   0.265643
   0.56154   0.316724   0.247269
  0.584656   0.322113   0.228796
  0.608822   0.327298    0.21026
  0.634089   0.332251   0.191698
   0.66051   0.336939   0.173149
  0.688141    0.34133   0.154656
  0.717043   0.345391   0.136267
  0.747279   0.349086   0.118028
  0.778918    0.35238  0.0999897
  0.812037   0.355236   0.082202
   0.84672   0.357618   0.064716
  0.883065   0.359488  0.0475827
  0.921183   0.360806  0.0308527
  0.961205   0.361535  0.0145764
   1.00329   0.361631 -0.00119662
   1.04761   0.361051  -0.016417
    1.0944   0.359747 -0.0310352
   1.14392   0.357667 -0.0450007
   1.19651    0.35475 -0.0582613
    1.2526   0.350928 -0.0707612
   1.31271   0.346116 -0.0824393
   1.37755    0.34021  -0.093226
   1.44806   0.333078  -0.103039
   1.52554   0.324542  -0.111775
    1.6119   0.314347  -0.119298
   1.71017   0.302108  -0.125417
   1.82557    0.28717  -0.129826
    1.9691   0.268186  -0.131955
   2.17618   0.240898  -0.130203
   2.45265   0.206278  -0.122264
   2.66758   0.181389  -0.113505
   2.85875   0.160965  -0.104784
   3.04186   0.143008 -0.0961309
   3.21744   0.127269  -0.087859
    3.3876   0.113366 -0.0800581
   3.55472   0.100957 -0.0727263
   3.72105  0.0897725 -0.0658323
   3.88859  0.0796107 -0.0593416
    4.0592  0.0703229 -0.0532247
   4.23464  0.0617997 -0.0474593
   4.41667    0.05396 -0.0420302
   4.60718  0.0467433 -0.0369277
   4.80829  0.0401035 -0.0321475
    5.0225  0.0340049 -0.0276892
   5.25285  0.0284189 -0.0235567
   5.50325  0.0233212 -0.0197581
   5.77885  0.0186888 -0.0163073
    6.0868   0.014495  -0.013227
   6.43748  0.0107003 -0.0105564
     6.847 0.00723038 -0.00837119
   7.34179 0.00391348 -0.00684487
   7.95938 0.000296054 -0.00645122
         8 3.42409e-05 -0.00644826


#exact solution
     0.001   0.000999          0
  0.081798  0.0753734          0
  0.162596   0.138196          0
  0.243394   0.190812          0
  0.324192   0.234427          0
   0.40499   0.270122          0
  0.485788   0.298863          0
  0.566586   0.321515          0
  0.647384   0.338849          0
  0.728182   0.351556          0
   0.80898   0.360249          0
  0.889778   0.365474          0
  0.970576   0.367717          0
   1.05137    0.36741          0
   1.13217   0.364936          0
   1.21297   0.360632          0
   1.29377   0.354797          0
   1.37457   0.347696          0
   1.45536   0.339559          0
   1.53616   0.330591          0
   1.61696   0.320969          0
   1.69776   0.310849          0
   1.77856   0.300366          0
   1.85935   0.289638          0
   1.94015   0.278765          0
   2.02095   0.267836          0
   2.10175   0.256923          0
   2.18255   0.246091          0
   2.26334   0.235393          0
   2.34414   0.224872          0
   2.42494   0.214567          0
   2.50574   0.204507          0
   2.58654   0.194715          0
   2.66733   0.185212          0
   2.74813   0.176011          0
   2.82893   0.167122          0
   2.90973   0.158553          0
   2.99053   0.150307          0
   3.07132   0.142386          0
   3.15212   0.134789          0
   3.23292   0.127513          0
   3.31372   0.120555          0
   3.39452   0.113909          0
   3.47531   0.107568          0
   3.55611   0.101526          0
   3.63691   0.095773          0
   3.71771  0.0903016          0
   3.79851  0.0851026          0
    3.8793  0.0801667          0
    3.9601  0.0754842          0
    4.0409  0.0710457          0
    4.1217  0.0668414          0
   4.20249  0.0628618          0
   4.28329  0.0590973          0
   4.36409  0.0555384          0
   4.44489  0.0521759          0
   4.52569  0.0490009          0
   4.60648  0.0460043          0
   4.68728  0.0431778          0
   4.76808  0.0405128          0
   4.84888  0.0380014          0
   4.92968  0.0356358          0
   5.01047  0.0334085          0
   5.09127  0.0313123          0
   5.17207  0.0293402          0
   5.25287  0.0274856          0
   5.33367  0.0257421          0
   5.41446  0.0241037          0
   5.49526  0.0225645          0
   5.57606  0.0211191          0
   5.65686  0.0197621          0
   5.73766  0.0184885          0
   5.81845  0.0172936          0
   5.89925  0.0161728          0
   5.98005  0.0151217          0
   6.06085  0.0141365          0
   6.14165   0.013213          0
   6.22244  0.0123477          0
   6.30324  0.0115372          0
   6.38404  0.0107781          0
   6.46484  0.0100673          0
   6.54564 0.00940195          0
   6.62643 0.00877922          0
   6.70723 0.00819652          0
   6.78803 0.00765138          0
   6.86883 0.00714148          0
   6.94963 0.00666465          0
   7.03042 0.00621881          0
   7.11122 0.00580203          0
   7.19202 0.00541248          0
   7.27282 0.00504845          0
   7.35362 0.00470832          0
   7.43441 0.00439058          0
   7.51521 0.00409379          0
   7.59601 0.00381663          0
   7.67681 0.00355783          0
   7.75761 0.00331621          0
    7.8384 0.00309067          0
    7.9192 0.00288015          0
         8  0.0026837          0
