    0.0000     0.0000     0.0000     0.0000     0.0000
    0.0900     0.0900     0.0040     0.0900     0.0040
    0.1800     0.1800     0.0162     0.1800     0.0162
    0.2700     0.2700     0.0365     0.2700     0.0365
    0.3600     0.3600     0.0648     0.3600     0.0648
    0.4500     0.4500     0.1012     0.4500     0.1012
    0.5400     0.5400     0.1458     0.5400     0.1458
    0.6300     0.6300     0.1984     0.6300     0.1984
    0.7200     0.7200     0.2592     0.7200     0.2592
    0.8100     0.8100     0.3280     0.8100     0.3280
    0.9000     0.9000     0.4050     0.9000     0.4050
    0.9900     0.9900     0.4900     0.9900     0.4900
    1.0800     1.0800     0.5832     1.0800     0.5832
    1.1700     1.1700     0.6844     1.1700     0.6844
    1.2600     1.2600     0.7938     1.2600     0.7938
    1.3500     1.3500     0.9113     1.3500     0.9113
    1.4400     1.4400     1.0368     1.4400     1.0368
    1.5300     1.5300     1.1705     1.5300     1.1705
    1.6200     1.6200     1.3122     1.6200     1.3122
    1.7100     1.7100     1.4621     1.7100     1.4621
    1.8000     1.8000     1.6200     1.8000     1.6200
    1.8900     1.8900     1.7861     1.8900     1.7861
    1.9800     1.9800     1.9602     1.9800     1.9602
    2.0700     2.1400     2.1449     2.1400     2.1449
    2.1600     2.3200     2.3456     2.3200     2.3456
    2.2500     2.5000     2.5625     2.5000     2.5625
    2.3400     2.6800     2.7956     2.6800     2.7956
    2.4300     2.8600     3.0449     2.8600     3.0449
    2.5200     3.0400     3.3104     3.0400     3.3104
    2.6100     3.2200     3.5921     3.2200     3.5921
    2.7000     3.4000     3.8900     3.4000     3.8900
    2.7900     3.5800     4.2041     3.5800     4.2041
    2.8800     3.7600     4.5344     3.7600     4.5344
    2.9700     3.9400     4.8809     3.9400     4.8809
    3.0600     4.3600     5.2508     4.3600     5.2508
    3.1500     4.9000     5.6675     4.9000     5.6675
    3.2400     5.4400     6.1328     5.4400     6.1328
    3.3300     5.9800     6.6467     5.9800     6.6467
    3.4200     6.5200     7.2092     6.5200     7.2092
    3.5100     7.0600     7.8203     7.0600     7.8203
    3.6000     7.6000     8.4800     7.6000     8.4800
    3.6900     8.1400     9.1883     8.1400     9.1883
    3.7800     8.6800     9.9452     8.6800     9.9452
    3.8700     9.2200    10.7507     9.2200    10.7507
    3.9600     9.7600    11.6048     9.7600    11.6048
    4.0500     9.8000    12.4950     9.8000    12.4950
    4.1400     9.4400    13.3608     9.4400    13.3608
    4.2300     9.0800    14.1942     9.0800    14.1942
    4.3200     8.7200    14.9952     8.7200    14.9952
    4.4100     8.3600    15.7638     8.3600    15.7638
    4.5000     8.0000    16.5000     8.0000    16.5000
    4.5900     7.6400    17.2038     7.6400    17.2038
    4.6800     7.2800    17.8752     7.2800    17.8752
    4.7700     6.9200    18.5142     6.9200    18.5142
    4.8600     6.5600    19.1208     6.5600    19.1208
    4.9500     6.2000    19.6950     6.2000    19.6950
    5.0400     6.1600    20.2432     6.1600    20.2432
    5.1300     6.5200    20.8138     6.5200    20.8138
    5.2200     6.8800    21.4168     6.8800    21.4168
    5.3100     7.2400    22.0522     7.2400    22.0522
    5.4000     7.6000    22.7200     7.6000    22.7200
    5.4900     7.9600    23.4202     7.9600    23.4202
    5.5800     8.3200    24.1528     8.3200    24.1528
    5.6700     8.6800    24.9178     8.6800    24.9178
    5.7600     9.0400    25.7152     9.0400    25.7152
    5.8500     9.4000    26.5450     9.4000    26.5450
    5.9400     9.7600    27.4072     9.7600    27.4072
    6.0300     9.8200    28.2973     9.8200    28.2973
    6.1200     9.2800    29.1568     9.2800    29.1568
    6.2100     8.7400    29.9677     8.7400    29.9677
    6.3000     8.2000    30.7300     8.2000    30.7300
    6.3900     7.6600    31.4437     7.6600    31.4437
    6.4800     7.1200    32.1088     7.1200    32.1088
    6.5700     6.5800    32.7253     6.5800    32.7253
    6.6600     6.0400    33.2932     6.0400    33.2932
    6.7500     5.5000    33.8125     5.5000    33.8125
    6.8400     4.9600    34.2832     4.9600    34.2832
    6.9300     4.4200    34.7053     4.4200    34.7053
    7.0200     3.9600    35.0796     3.9600    35.0796
    7.1100     3.7800    35.4279     3.7800    35.4279
    7.2000     3.6000    35.7600     3.6000    35.7600
    7.2900     3.4200    36.0759     3.4200    36.0759
    7.3800     3.2400    36.3756     3.2400    36.3756
    7.4700     3.0600    36.6591     3.0600    36.6591
    7.5600     2.8800    36.9264     2.8800    36.9264
    7.6500     2.7000    37.1775     2.7000    37.1775
    7.7400     2.5200    37.4124     2.5200    37.4124
    7.8300     2.3400    37.6311     2.3400    37.6311
    7.9200     2.1600    37.8336     2.1600    37.8336
    8.0100     1.9900    38.0199     1.9900    38.0199
    8.1000     1.9000    38.1950     1.9000    38.1950
    8.1900     1.8100    38.3619     1.8100    38.3619
    8.2800     1.7200    38.5208     1.7200    38.5208
    8.3700     1.6300    38.6715     1.6300    38.6715
    8.4600     1.5400    38.8142     1.5400    38.8142
    8.5500     1.4500    38.9487     1.4500    38.9487
    8.6400     1.3600    39.0752     1.3600    39.0752
    8.7300     1.2700    39.1935     1.2700    39.1935
    8.8200     1.1800    39.3038     1.1800    39.3038
    8.9100     1.0900    39.4059     1.0900    39.4059
    9.0000     1.0000    39.5000     1.0000    39.5000



    0.0000     0.0000     0.0000   -16.0000
    0.0900    -1.3023    -0.0607   -12.9400
    0.1800    -2.3292    -0.2262    -9.8800
    0.2700    -3.0807    -0.4717    -6.8200
    0.3600    -3.5568    -0.7724    -3.7600
    0.4500    -3.7575    -1.1036    -0.7000
    0.5400    -3.6828    -1.4405     2.3600
    0.6300    -3.3327    -1.7583     5.4200
    0.7200    -2.7072    -2.0321     8.4800
    0.8100    -1.8063    -2.2373    11.5400
    0.9000    -0.6300    -2.3490    14.6000
    0.9900     0.8217    -2.3424    17.6600
    1.0800     2.3312    -2.1986    15.2800
    1.1700     3.5687    -1.9311    12.2200
    1.2600     4.5308    -1.5645     9.1600
    1.3500     5.2175    -1.1238     6.1000
    1.4400     5.6288    -0.6336     3.0400
    1.5300     5.7647    -0.1189    -0.0200
    1.6200     5.6252     0.3957    -3.0800
    1.7100     5.2103     0.8854    -6.1400
    1.8000     4.5200     1.3253    -9.2000
    1.8900     3.5543     1.6907   -12.2600
    1.9800     2.3132     1.9568   -15.3200
    2.0700     0.9682     2.1029   -13.4800
    2.1600    -0.0992     2.1398   -10.2400
    2.2500    -0.8750     2.0937    -7.0000
    2.3400    -1.3592     1.9910    -3.7600
    2.4300    -1.5518     1.8578    -0.5200
    2.5200    -1.4528     1.7204     2.7200
    2.6100    -1.0622     1.6051     5.9600
    2.7000    -0.3800     1.5380     9.2000
    2.7900     0.5938     1.5454    12.4400
    2.8800     1.8592     1.6536    15.6800
    2.9700     3.4162     1.8888    18.9200
    3.0600     5.1496     2.2750    18.3200
    3.1500     6.6850     2.8092    15.8000
    3.2400     7.9936     3.4715    13.2800
    3.3300     9.0754     4.2413    10.7600
    3.4200     9.9304     5.0983     8.2400
    3.5100    10.5586     6.0220     5.7200
    3.6000    10.9600     6.9920     3.2000
    3.6900    11.1346     7.9880     0.6800
    3.7800    11.0824     8.9894    -1.8400
    3.8700    10.8034     9.9760    -4.3600
    3.9600    10.2976    10.9272    -6.8800
    4.0500     9.6100    11.8235    -7.6000
    4.1400     8.9584    12.6586    -6.8800
    4.2300     8.3716    13.4380    -6.1600
    4.3200     7.8496    14.1674    -5.4400
    4.4100     7.3924    14.8528    -4.7200
    4.5000     7.0000    15.5000    -4.0000
    4.5900     6.6724    16.1148    -3.2800
    4.6800     6.4096    16.7030    -2.5600
    4.7700     6.2116    17.2704    -1.8400
    4.8600     6.0784    17.8230    -1.1200
    4.9500     6.0100    18.3665    -0.4000
    5.0400     6.0064    18.9068     0.3200
    5.1300     6.0676    19.4496     1.0400
    5.2200     6.1936    20.0009     1.7600
    5.3100     6.3844    20.5664     2.4800
    5.4000     6.6400    21.1520     3.2000
    5.4900     6.9604    21.7635     3.9200
    5.5800     7.3456    22.4068     4.6400
    5.6700     7.7956    23.0877     5.3600
    5.7600     8.3104    23.8120     6.0800
    5.8500     8.8900    24.5855     6.8000
    5.9400     9.5344    25.4141     7.5200
    6.0300    10.2274    26.3035     7.1600
    6.1200    10.7584    27.2495     4.6400
    6.2100    11.0626    28.2332     2.1200
    6.3000    11.1400    29.2340    -0.4000
    6.3900    10.9906    30.2316    -2.9200
    6.4800    10.6144    31.2055    -5.4400
    6.5700    10.0114    32.1354    -7.9600
    6.6600     9.1816    33.0008   -10.4800
    6.7500     8.1250    33.7812   -13.0000
    6.8400     6.8416    34.4564   -15.5200
    6.9300     5.3314    35.0059   -18.0400
    7.0200     3.6072    35.4094   -19.2800
    7.1100     2.0178    35.6603   -16.0400
    7.2000     0.7200    35.7813   -12.8000
    7.2900    -0.2862    35.7987    -9.5600
    7.3800    -1.0008    35.7386    -6.3200
    7.4700    -1.4238    35.6273    -3.0800
    7.5600    -1.5552    35.4910     0.1600
    7.6500    -1.3950    35.3561     3.4000
    7.7400    -0.9432    35.2487     6.6400
    7.8300    -0.1998    35.1951     9.8800
    7.9200     0.8352    35.2215    13.1200
    8.0100     2.1583    35.3541    15.6600
    8.1000     3.4300    35.6077    12.6000
    8.1900     4.4263    35.9633     9.5400
    8.2800     5.1472    36.3961     6.4800
    8.3700     5.5927    36.8815     3.4200
    8.4600     5.7628    37.3946     0.3600
    8.5500     5.6575    37.9105    -2.7000
    8.6400     5.2768    38.4047    -5.7600
    8.7300     4.6207    38.8521    -8.8200
    8.8200     3.6892    39.2281   -11.8800
    8.9100     2.4823    39.5079   -14.9400



    0.0000     0.0000     0.0000     0.9282
    0.0900     0.0836     0.0038     0.9299
    0.1800     0.1675     0.0151     0.9352
    0.2700     0.2520     0.0339     0.9439
    0.3600     0.3375     0.0604     0.9561
    0.4500     0.4242     0.0947     0.9718
    0.5400     0.5125     0.1369     0.9910
    0.6300     0.6027     0.1870     1.0137
    0.7200     0.6951     0.2454     1.0399
    0.8100     0.7900     0.3122     1.0695
    0.9000     0.8877     0.3877     1.1027
    0.9900     0.9886     0.4721     1.1394
    1.0800     1.0927     0.5657     1.1712
    1.1700     1.1989     0.6688     1.1858
    1.2600     1.3056     0.7816     1.1829
    1.3500     1.4113     0.9038     1.1625
    1.4400     1.5143     1.0355     1.1247
    1.5300     1.6132     1.1763     1.0694
    1.6200     1.7063     1.3257     0.9967
    1.7100     1.7921     1.4832     0.9065
    1.8000     1.8689     1.6480     0.7989
    1.8900     1.9354     1.8193     0.6738
    1.9800     1.9897     1.9960     0.5313
    2.0700     2.0314     2.1770     0.4113
    2.1600     2.0672     2.3615     0.4031
    2.2500     2.1074     2.5493     0.5097
    2.3400     2.1624     2.7413     0.7312
    2.4300     2.2425     2.9393     1.0677
    2.5200     2.3580     3.1460     1.5191
    2.6100     2.5193     3.3651     2.0854
    2.7000     2.7368     3.6011     2.7666
    2.7900     3.0208     3.8597     3.5628
    2.8800     3.3816     4.1472     4.4738
    2.9700     3.8295     4.4710     5.4998
    3.0600     4.3732     4.8394     6.5493
    3.1500     4.9997     5.2606     7.3252
    3.2400     5.6828     5.7410     7.8047
    3.3300     6.3957     6.2844     7.9878
    3.4200     7.1117     6.8924     7.8744
    3.5100     7.8042     7.5639     7.4647
    3.6000     8.4465     8.2956     6.7584
    3.6900     9.0118     9.0819     5.7558
    3.7800     9.4736     9.9146     4.4567
    3.8700     9.8052    10.7833     2.8612
    3.9600     9.9798    11.6749     0.9693
    4.0500     9.9725    12.5741    -1.1130
    4.1400     9.7902    13.4646    -2.8728
    4.2300     9.4671    14.3321    -4.2423
    4.3200     9.0383    15.1655    -5.2213
    4.4100     8.5390    15.9569    -5.8099
    4.5000     8.0042    16.7015    -6.0082
    4.5900     7.4692    17.3977    -5.8160
    4.6800     6.9691    18.0470    -5.2335
    4.7700     6.5389    18.6542    -4.2606
    4.8600     6.2139    19.2272    -2.8973
    4.9500     6.0291    19.7769    -1.1436
    5.0400     6.0187    20.3177     0.9234
    5.1300     6.1856    20.8656     2.7205
    5.2200     6.4967    21.4354     4.1273
    5.3100     6.9168    22.0383     5.1438
    5.4000     7.4109    22.6826     5.7699
    5.4900     7.9437    23.3734     6.0057
    5.5800     8.4802    24.1126     5.8512
    5.6700     8.9852    24.8989     5.3064
    5.7600     9.4236    25.7279     4.3713
    5.8500     9.7603    26.5921     3.0458
    5.9400     9.9602    27.4807     1.3300
    6.0300     9.9884    28.3798    -0.7380
    6.1200     9.8331    29.2731    -2.6625
    6.2100     9.5180    30.1450    -4.2908
    6.3000     9.0697    30.9823    -5.6230
    6.3900     8.5148    31.7743    -6.6590
    6.4800     7.8799    32.5126    -7.3990
    6.5700     7.1918    33.1911    -7.8429
    6.6600     6.4771    33.8063    -7.9906
    6.7500     5.7624    34.3570    -7.8422
    6.8400     5.0744    34.8443    -7.3977
    6.9300     4.4397    35.2720    -6.6571
    7.0200     3.8849    35.6459    -5.6305
    7.1100     3.4257    35.9742    -4.5936
    7.2000     3.0547    36.2652    -3.6705
    7.2900     2.7616    36.5263    -2.8612
    7.3800     2.5363    36.7643    -2.1655
    7.4700     2.3684    36.9846    -1.5836
    7.5600     2.2478    37.1920    -1.1155
    7.6500     2.1642    37.3903    -0.7610
    7.7400     2.1074    37.5824    -0.5204
    7.8300     2.0671    37.7701    -0.3934
    7.9200     2.0332    37.9546    -0.3802
    8.0100     1.9953    38.1360    -0.4799
    8.1000     1.9458    38.3134    -0.6167
    8.1900     1.8847    38.4859    -0.7404
    8.2800     1.8129    38.6523    -0.8512
    8.3700     1.7318    38.8119    -0.9489
    8.4600     1.6425    38.9638    -1.0336
    8.5500     1.5462    39.1074    -1.1052
    8.6400     1.4440    39.2420    -1.1638
    8.7300     1.3371    39.3672    -1.2094
    8.8200     1.2267    39.4825    -1.2420
    8.9100     1.1139    39.5879    -1.2615
